-1.42858 3.63465
-1.03395 2.99772
-1.03194 3.4505
-0.845806 -1.06311
-0.837352 2.44434
-0.834753 -0.15631
-0.814595 -0.151139
-0.794149 1.13087
-0.792625 0.565891
-0.723576 0.15614
-0.702733 -0.330651
-0.694019 3.22777
-0.692393 -0.253542
-0.691319 1.05376
-0.667352 0.563735
-0.665388 0.453426
-0.663188 -0.299429
-0.644799 0.417946
-0.643835 -0.114186
-0.643502 0.460621
-0.635394 0.426676
-0.635249 0.472194
-0.631558 0.43132
-0.630514 -0.0843032
-0.623977 0.466075
-0.619247 0.413206
-0.618214 0.445314
-0.615006 0.904206
-0.612635 -0.604862
-0.610747 0.0511833
-0.610318 -0.262228
-0.610219 0.511883
-0.608428 -0.392127
-0.603813 0.951533
-0.60331 -0.0217536
-0.599724 -0.321896
-0.599545 -0.223611
-0.599462 0.0384399
-0.597816 -0.278748
-0.596257 -0.261105
-0.586648 -0.482786
-0.584048 0.0851889
-0.581798 0.427976
-0.580306 -0.0682088
-0.580171 -0.032815
-0.579798 0.335068
-0.578 0.176693
-0.575996 0.160674
-0.575487 -0.288498
-0.575375 -0.309112
-0.575021 0.425022
-0.57489 0.485245
-0.574419 1.76237
-0.574179 -0.284383
-0.573061 -0.28969
-0.572086 -0.288896
-0.572018 -0.309584
-0.571667 -0.230211
-0.570536 0.314897
-0.570285 -0.273127
-0.569068 -0.511066
-0.568492 0.394577
-0.568092 0.258399
-0.568046 0.103914
-0.567901 0.540888
-0.567675 0.529803
-0.56751 0.395157
-0.566382 0.367961
-0.565801 -0.292158
-0.564453 0.269842
-0.564297 -0.33336
-0.564198 -0.339181
-0.563222 -0.239585
-0.562075 -0.310645
-0.562029 0.609337
-0.561098 -0.305501
-0.560963 -0.304455
-0.560856 -0.29862
-0.560071 0.295509
-0.560015 -0.28356
-0.55982 -0.311595
-0.559398 0.33776
-0.559377 0.550373
-0.558861 0.223304
-0.558225 -0.236714
-0.558179 -0.284055
-0.558121 -0.0653189
-0.557754 -0.303491
-0.557644 0.314939
-0.557019 -0.147715
-0.556989 -0.288502
-0.556867 -0.162986
-0.55683 -0.235657
-0.556668 -0.499913
-0.556585 -0.300805
-0.555992 0.0422113
-0.555961 -0.208175
-0.555301 -0.288107
-0.555034 -0.288457
-0.554475 -0.277704
-0.554111 -0.288339
-0.553654 -0.280521
-0.553153 -0.205404
-0.553121 0.266733
-0.553029 0.244427
-0.552683 -0.235254
-0.552605 0.25064
-0.551979 -0.326123
-0.551927 0.474996
-0.551922 -0.276478
-0.551713 0.510675
-0.55138 0.249133
-0.551321 -0.279988
-0.551293 -0.300663
-0.55117 0.185227
-0.551101 -0.220985
-0.550985 -0.11948
-0.550364 0.503469
-0.550074 0.24285
-0.550045 -0.289824
-0.549885 -0.275288
-0.549703 -0.233692
-0.549692 -0.109136
-0.54926 -0.281057
-0.548924 -0.234219
-0.548656 -0.0934716
-0.548533 -0.286034
-0.548473 -0.278059
-0.54843 -0.297197
-0.548246 -0.224251
-0.547728 -0.291258
-0.547196 -0.252001
-0.547181 -0.304726
-0.547098 -0.289888
-0.546924 -0.283582
-0.546484 -0.29333
-0.546452 -0.246695
-0.546452 -0.222697
-0.546331 -0.232883
-0.546261 -0.273502
-0.545774 0.0755033
-0.545636 -0.328111
-0.54552 -0.27255
-0.545289 -0.241334
-0.545202 -0.288887
-0.545128 0.304708
-0.544874 -0.107956
-0.543711 -0.271728
-0.54343 -0.0711795
-0.543337 -0.604987
-0.543285 -0.28168
-0.543235 -0.487186
-0.543029 -0.233245
-0.542959 -0.0932715
-0.542874 -0.231974
-0.542819 -0.287449
-0.542724 -0.269923
-0.54261 -0.231969
-0.54256 -0.293241
-0.542343 0.294905
-0.54226 -0.291578
-0.542228 -0.218335
-0.54218 -0.276984
-0.541966 -0.109483
-0.54196 0.176311
-0.541585 -0.108437
-0.541563 -0.29626
-0.541555 -0.14647
-0.541074 0.305977
-0.541055 0.0985247
-0.540893 -0.216971
-0.540783 -0.147517
-0.54062 0.0797269
-0.54035 0.0943475
-0.540336 -0.0718611
-0.540218 -0.270546
-0.540212 -0.195014
-0.540115 0.22313
-0.540012 -0.265422
-0.539969 -0.286273
-0.539618 -0.19476
-0.539563 -0.118845
-0.539307 -0.237965
-0.53923 -0.290133
-0.53923 -0.0709462
-0.539193 0.0322247
-0.538051 -0.317117
-0.537691 0.301348
-0.537687 -0.667282
-0.537627 -0.228623
-0.53747 -0.133071
-0.537401 -0.285634
-0.537194 -0.0340433
-0.536969 -0.229768
-0.536924 0.0783571
-0.536856 0.0404046
-0.536848 0.0365579
-0.536493 0.240869
-0.536475 0.301853
-0.536237 -0.479825
-0.53578 -0.272271
-0.535695 0.275878
-0.535368 -0.268668
-0.535219 0.236869
-0.534882 -0.236528
-0.53457 0.369176
-0.534528 0.233924
-0.534218 -0.21456
-0.533975 -0.289914
-0.533855 -0.0354954
-0.53376 0.232665
-0.533747 0.0245179
-0.533633 -0.178626
-0.533496 -0.143631
-0.533196 0.216738
-0.532874 -0.334744
-0.532759 0.273483
-0.532439 -0.480649
-0.532399 0.237187
-0.532224 -0.303953
-0.531753 0.235954
-0.531428 -0.476023
-0.531148 0.438798
-0.531147 -0.0883123
-0.531074 -0.326033
-0.531056 0.0393425
-0.530674 0.235786
-0.530401 -0.476968
-0.530379 -0.0782096
-0.530378 -0.318657
-0.530129 0.20791
-0.530108 -0.0899143
-0.530005 -0.302393
-0.52997 0.0943836
-0.52997 0.251809
-0.529919 -0.106659
-0.529834 -0.0783896
-0.52978 0.031179
-0.52959 0.300851
-0.529567 -0.485471
-0.529504 -0.473223
-0.529407 -0.178728
-0.529012 0.233516
-0.52882 -0.069525
-0.528685 0.232756
-0.528649 -0.47709
-0.528342 -0.0937623
-0.528218 0.40131
-0.528195 -0.47703
-0.528145 -0.0788981
-0.527641 -0.0693987
-0.527553 -0.472415
-0.527548 -0.0709269
-0.527489 0.0533139
-0.527485 -0.282456
-0.527273 -0.0348972
-0.527162 -0.144904
-0.527115 -0.0348467
-0.526949 0.034993
-0.526781 0.101649
-0.526538 -0.469867
-0.52647 0.0290304
-0.526468 -0.177275
-0.526324 0.249669
-0.526158 -0.268032
-0.526064 -0.0890295
-0.52593 0.315656
-0.525851 0.0285895
-0.52581 -0.294013
-0.5258 -0.116856
-0.525782 -0.0681155
-0.52576 0.26967
-0.525673 0.227915
-0.52566 0.0291844
-0.525478 -0.110135
-0.525403 -0.0564802
-0.525361 -0.474602
-0.525089 -0.242864
-0.525011 -0.105033
-0.52501 0.272841
-0.524936 0.0742282
-0.524584 0.144921
-0.524581 0.0387288
-0.52419 -0.0308262
-0.523952 -0.0842556
-0.523818 -0.470188
-0.523771 0.128127
-0.523736 -0.262467
-0.523697 -0.0860075
-0.523671 -0.247885
-0.523452 -0.331536
-0.523382 0.545972
-0.52326 0.231034
-0.523181 -0.104159
-0.523135 0.231911
-0.523104 -0.0846195
-0.52309 -0.106414
-0.52308 -0.184192
-0.522977 -0.0695709
-0.52294 -0.145364
-0.522454 -0.241399
-0.522391 -0.069804
-0.522333 -0.267227
-0.522282 0.0787413
-0.522099 0.0340397
-0.522095 0.0255432
-0.522059 -0.144573
-0.522041 -0.0854033
-0.52204 -0.106135
-0.521882 -0.261346
-0.5213 0.225302
-0.520899 -0.181074
-0.520814 -0.476759
-0.52065 0.230024
-0.520602 0.0372503
-0.520417 0.202587
-0.520276 0.332209
-0.519939 0.0408201
-0.519502 0.139741
-0.519453 -0.210587
-0.519374 0.264197
-0.519233 0.0338461
-0.519221 0.22913
-0.518989 0.246234
-0.518971 -0.105754
-0.518965 -0.18756
-0.518892 0.240604
-0.518718 -0.222965
-0.518662 0.24551
-0.518627 0.228763
-0.518531 0.0981324
-0.518514 0.391323
-0.518195 0.0201104
-0.517609 -0.0849482
-0.517602 -0.0688339
-0.517524 -0.0836266
-0.517491 0.390464
-0.517356 0.0408867
-0.517348 -0.200194
-0.517347 -0.249741
-0.517059 0.228896
-0.517029 -0.0741076
-0.516861 -0.0833019
-0.516792 -0.262501
-0.516775 -0.0776544
-0.51671 -0.143833
-0.516515 0.0363505
-0.516393 0.0758229
-0.515666 -0.140468
-0.515091 -0.181135
-0.515069 -0.0319638
-0.515007 -0.0776692
-0.5148 0.035981
-0.514681 -0.141087
-0.514536 -0.480726
-0.514283 0.220771
-0.514273 0.108411
-0.513627 -0.10771
-0.513585 -0.142799
-0.513572 -0.0823851
-0.513346 -0.0681642
-0.513335 0.0650969
-0.513319 -0.172727
-0.513295 0.0360031
-0.51312 0.107288
-0.513075 0.262323
-0.512891 0.103499
-0.512887 0.240297
-0.512419 -0.104663
-0.512396 -0.470558
-0.512251 -0.125017
-0.512164 0.225455
-0.512127 0.0645649
-0.51212 0.224576
-0.512073 0.240251
-0.511972 0.155945
-0.511676 0.0371502
-0.511584 0.256285
-0.511444 -0.15633
-0.51144 0.0264167
-0.511439 0.00743183
-0.511406 0.0213172
-0.511306 -0.205803
-0.511283 0.114397
-0.510952 0.261945
-0.510827 0.3798
-0.510779 -0.466881
-0.510699 -0.0907777
-0.510673 -0.103723
-0.510629 0.0657298
-0.510585 0.107285
-0.510488 -0.197657
-0.510486 -0.164193
-0.509744 0.0646024
-0.509614 0.00655449
-0.509544 -0.0875988
-0.509457 0.270967
-0.509423 0.1621
-0.509355 0.035331
-0.509187 0.501678
-0.509044 -0.13803
-0.508945 -0.273588
-0.508832 -0.177137
-0.508593 0.268139
-0.508518 -0.222074
-0.508427 -0.141891
-0.508389 -0.0302864
-0.508323 0.0651785
-0.508312 0.2584
-0.507918 0.256891
-0.507716 -0.28275
-0.507681 0.0777309
-0.507624 0.590433
-0.507577 0.270192
-0.506834 -0.0299769
-0.506744 -0.0343023
-0.506667 -0.157484
-0.506544 -0.0350921
-0.506321 -0.170451
-0.50621 0.054011
-0.506155 0.136121
-0.506109 0.154255
-0.506109 -0.167982
-0.505991 0.06558
-0.505747 -0.313399
-0.505743 -0.488255
-0.50553 -0.179804
-0.505023 0.26538
-0.504857 -0.0695382
-0.504745 -0.31228
-0.504667 0.077424
-0.504647 -0.144805
-0.504615 -0.0697613
-0.504609 -0.174592
-0.504432 0.0263766
-0.504394 0.153481
-0.504336 -0.254968
-0.504233 0.109727
-0.50423 0.0767448
-0.504194 -0.500217
-0.504129 -0.187109
-0.503572 0.215513
-0.503494 0.41623
-0.5033 -0.227356
-0.503248 -0.0819448
-0.503067 -0.0387084
-0.503022 0.254813
-0.502994 -0.201791
-0.502849 -0.174673
-0.502822 -0.104465
-0.502795 0.336172
-0.502547 0.152582
-0.502516 0.0268006
-0.50235 -0.169761
-0.502327 -0.141662
-0.502007 0.0619612
-0.50192 -0.172936
-0.501805 -0.629529
-0.501441 0.0758221
-0.501376 0.034595
-0.501311 0.526916
-0.500512 0.103869
-0.500217 -0.40756
-0.500088 0.105087
-0.500004 0.0628791
-0.499851 0.0358429
-0.499811 0.172178
-0.4998 -0.137834
-0.499729 -0.314425
-0.499649 0.491603
-0.499604 -0.178896
-0.4996 0.21586
-0.499561 0.0658519
-0.499549 0.215228
-0.499523 -0.292796
-0.499501 0.10686
-0.499497 -0.461568
-0.499111 0.102737
-0.499104 0.264685
-0.499095 0.0376261
-0.499085 -0.0673867
-0.499007 -0.0714047
-0.498928 0.52518
-0.49868 0.0681772
-0.498557 0.213061
-0.498244 -0.17146
-0.498195 0.08334
-0.498144 -0.322336
-0.498004 0.0339888
-0.497889 -0.286502
-0.497698 -0.0570108
-0.497644 0.0848229
-0.497336 0.275558
-0.497333 0.106175
-0.497229 0.103337
-0.497174 -0.0301823
-0.497047 0.0730899
-0.496959 3.29339
-0.496218 -0.273246
-0.496001 0.101657
-0.495947 -0.0603971
-0.495765 -0.292419
-0.495743 0.0251461
-0.495725 0.059663
-0.49557 0.489775
-0.495491 0.430587
-0.495274 0.157187
-0.495019 -0.262283
-0.495015 0.104421
-0.494939 0.251631
-0.494722 0.0675797
-0.494695 0.262317
-0.494218 -0.175862
-0.494057 0.540209
-0.493908 0.139559
-0.493851 0.244615
-0.493816 -0.140361
-0.493709 0.272131
-0.49362 0.4967
-0.493313 0.39273
-0.493191 -0.475787
-0.492744 -0.437855
-0.492565 0.124
-0.492476 0.498039
-0.492007 0.066689
-0.491945 0.104201
-0.491245 0.256238
-0.491216 0.105592
-0.491165 -0.0626123
-0.490999 0.0666286
-0.490854 -0.44167
-0.490779 0.506989
-0.490658 0.270333
-0.490636 0.120983
-0.490479 0.0681449
-0.490298 0.105214
-0.490251 0.0590218
-0.489993 0.494524
-0.489911 -0.486731
-0.489768 0.0998704
-0.489704 0.196548
-0.489567 -0.461519
-0.489501 0.39906
-0.48913 0.140329
-0.488991 -0.0634113
-0.488962 0.0314719
-0.48845 -0.171643
-0.488201 -0.505922
-0.488097 0.106403
-0.487922 0.102595
-0.487801 0.435482
-0.487788 0.265573
-0.487456 -0.227079
-0.487365 0.598281
-0.487179 0.495979
-0.487124 0.12142
-0.487014 -0.173002
-0.486894 0.0179275
-0.486793 -0.0581899
-0.486478 0.0615018
-0.486103 -0.0605339
-0.485842 0.248585
-0.485556 -0.0370491
-0.485096 0.0979525
-0.484869 0.0727887
-0.484863 0.0718233
-0.484821 0.100084
-0.484633 0.517703
-0.484487 0.776012
-0.483449 -0.310878
-0.48338 -0.446741
-0.483252 -0.473206
-0.483131 0.0661158
-0.482798 0.506235
-0.482701 -0.0503001
-0.48232 0.0202814
-0.482125 0.096898
-0.481761 0.457021
-0.480445 -0.0553099
-0.480407 -0.0303242
-0.480253 -0.0608816
-0.480027 -0.12868
-0.479669 0.243404
-0.479481 0.545401
-0.479359 0.256583
-0.479217 -0.476055
-0.478903 -0.0482082
-0.47805 0.042469
-0.47792 0.548745
-0.477787 -0.303686
-0.477723 0.522383
-0.477444 0.112123
-0.477363 0.0629601
-0.477343 0.0635383
-0.477049 0.25676
-0.476763 -0.118399
-0.476453 -0.307982
-0.47638 0.0579904
-0.476111 0.543952
-0.475772 0.0603387
-0.475698 -0.471461
-0.475597 0.396127
-0.475468 0.145436
-0.475447 -0.130272
-0.475401 -0.0692705
-0.475117 0.0981237
-0.475103 -0.101005
-0.474974 0.254019
-0.474891 0.529178
-0.474199 0.135855
-0.473908 0.483599
-0.473091 -0.0890131
-0.472922 0.104371
-0.472202 0.0617095
-0.471967 0.152102
-0.471864 -0.49123
-0.470692 -0.471019
-0.470687 -0.106507
-0.470456 0.525156
-0.470422 0.0794252
-0.469844 -0.0684508
-0.469794 -0.132208
-0.469783 0.110777
-0.469605 -0.487419
-0.46941 0.111249
-0.468905 0.527921
-0.46884 -0.601664
-0.468787 -0.161892
-0.468772 0.141939
-0.468714 -0.469918
-0.46859 -0.103238
-0.468523 -0.171101
-0.468291 0.0986049
-0.467995 -0.213352
-0.467965 -0.471439
-0.467566 -0.484816
-0.466568 0.158777
-0.466379 -0.0684086
-0.466156 0.126574
-0.465932 0.129915
-0.465222 0.139939
-0.465063 0.161163
-0.464963 -0.0502002
-0.464595 -0.0608954
-0.464497 0.187324
-0.464236 0.0970841
-0.464154 0.355979
-0.463906 -0.110309
-0.463478 0.352418
-0.462898 0.0531906
-0.462868 0.0545751
-0.462615 0.0672694
-0.46234 0.514281
-0.461989 -0.0999359
-0.461864 -0.505118
-0.461435 0.0473508
-0.461391 0.0542762
-0.461178 -0.47884
-0.461004 0.113172
-0.460618 0.525764
-0.46042 0.0956423
-0.460281 -0.483641
-0.459774 -0.478184
-0.45936 -0.480469
-0.459269 0.512471
-0.459244 -0.104
-0.458902 0.0698812
-0.458291 0.0540637
-0.458143 -0.106436
-0.457919 -0.497168
-0.457338 -0.11437
-0.45686 0.288439
-0.455694 -0.253898
-0.455219 0.55836
-0.454144 -0.0597827
-0.453703 0.186339
-0.452288 0.050166
-0.452275 -0.0729493
-0.450549 0.210286
-0.449898 0.0527551
-0.449533 -0.466557
-0.449371 0.144726
-0.449258 0.0556671
-0.448929 -0.552032
-0.448625 1.04543
-0.448098 1.12189
-0.448015 -0.489551
-0.447783 0.0501804
-0.44752 -0.441387
-0.446226 -0.466497
-0.44618 -0.492588
-0.446073 0.507994
-0.445807 0.212691
-0.445323 -0.487623
-0.445235 0.318748
-0.444918 0.286521
-0.444785 0.350537
-0.442962 0.0508115
-0.442942 0.0523484
-0.442501 0.449336
-0.441878 0.456727
-0.441144 2.93492
-0.440884 -0.484878
-0.440302 -0.456594
-0.439404 -0.460999
-0.437894 -0.104317
-0.437723 0.205093
-0.437404 -0.468112
-0.437077 0.118103
-0.436689 -0.48094
-0.436171 -0.0997881
-0.435624 0.367985
-0.434924 0.200873
-0.434541 0.046079
-0.434526 -0.476589
-0.433414 -0.478181
-0.433235 -0.541361
-0.432006 -0.474053
-0.431668 -0.464712
-0.431547 0.422644
-0.430562 -0.475274
-0.430266 -0.474369
-0.430081 -0.471092
-0.429429 -0.0733487
-0.429262 0.151185
-0.428983 -0.445395
-0.428663 -0.10029
-0.428154 0.0463406
-0.428051 0.150484
-0.428008 0.0777708
-0.427613 0.538791
-0.427117 0.582128
-0.425745 0.459387
-0.425359 0.198416
-0.424511 -0.499818
-0.422097 0.333794
-0.421948 0.599427
-0.421572 -0.494837
-0.421504 -0.109069
-0.421326 -0.503082
-0.420421 0.0901402
-0.420062 -0.493891
-0.419975 0.0506221
-0.41907 0.601769
-0.418952 0.321599
-0.418371 -0.464481
-0.418258 -0.55601
-0.416738 -0.15697
-0.416063 -0.458951
-0.4152 0.549255
-0.41447 -0.341872
-0.414449 -0.739759
-0.414364 0.071873
-0.412639 -0.385905
-0.412184 -0.451005
-0.412159 -0.481961
-0.411905 0.587749
-0.411381 -0.267624
-0.410847 0.389607
-0.410472 0.0984687
-0.410404 -0.226125
-0.410084 -0.457607
-0.408717 -0.45502
-0.408691 0.297498
-0.408282 0.42103
-0.407829 0.327698
-0.407435 0.0820887
-0.40682 -0.397918
-0.406608 -0.479617
-0.406079 -0.418767
-0.405739 0.595343
-0.405172 0.205952
-0.40504 0.395459
-0.404095 -0.377931
-0.403749 0.357568
-0.40347 0.125412
-0.403141 0.506209
-0.40308 -0.510371
-0.403051 -0.401128
-0.403043 -0.379402
-0.402911 0.305455
-0.402872 0.0926942
-0.402461 -0.428215
-0.401984 0.572466
-0.401428 0.531275
-0.400713 -0.420261
-0.399104 -0.0927492
-0.399057 0.352924
-0.398412 -0.475804
-0.398215 0.424685
-0.39786 0.481782
-0.397304 -0.474951
-0.397229 -0.469004
-0.396862 0.132604
-0.396643 0.300605
-0.396474 0.35527
-0.396286 0.354898
-0.395561 -0.477195
-0.395301 -0.463922
-0.394766 -0.384572
-0.394673 -0.472875
-0.394491 0.328522
-0.394488 0.0430137
-0.394244 0.302591
-0.394171 0.6412
-0.393816 0.28966
-0.393473 0.363086
-0.393224 -0.470307
-0.391728 0.606453
-0.391183 -0.103428
-0.390592 0.0483788
-0.390579 -0.0595779
-0.390239 -0.421931
-0.389722 0.454734
-0.389265 0.3316
-0.389244 -0.49552
-0.388818 0.321986
-0.388201 -0.433491
-0.388191 0.416622
-0.387993 0.258813
-0.387928 -0.486414
-0.387762 -0.49938
-0.387657 0.454505
-0.387562 0.356737
-0.387552 0.290694
-0.387526 0.334266
-0.387063 0.969335
-0.387045 0.371928
-0.38659 0.343428
-0.386497 0.0224992
-0.385606 0.0873015
-0.384929 0.292804
-0.384395 0.340717
-0.384102 0.544036
-0.383567 -0.549563
-0.383564 -0.394153
-0.383338 0.279379
-0.383001 -0.50893
-0.382917 0.274501
-0.38271 0.359852
-0.382609 -0.478082
-0.382172 -0.445539
-0.381974 0.0467183
-0.381455 0.301519
-0.381278 -0.491009
-0.381076 0.359922
-0.380753 -0.427903
-0.380484 -0.452918
-0.380109 0.349566
-0.380049 -0.410276
-0.379895 -0.542668
-0.379882 0.0483694
-0.379816 0.611615
-0.379677 -0.478839
-0.379366 -0.479239
-0.379073 0.287447
-0.378795 0.334213
-0.378424 0.610501
-0.378329 -0.370914
-0.378187 -0.469208
-0.377986 -0.460021
-0.377391 -0.440831
-0.376674 -0.482591
-0.376661 0.591281
-0.376468 0.410396
-0.376461 0.319645
-0.376301 -0.462835
-0.375541 0.12399
-0.375256 -0.465789
-0.37506 0.318439
-0.374811 0.337654
-0.374724 -0.467072
-0.37466 -0.468309
-0.373719 0.584663
-0.373453 -0.489419
-0.373308 -0.448276
-0.373265 -0.463325
-0.372996 0.102432
-0.372223 0.336139
-0.371603 -0.463748
-0.371574 -0.0804252
-0.371476 -0.462451
-0.37124 0.110982
-0.370845 0.312132
-0.370751 0.394836
-0.370749 0.0979925
-0.369942 -0.402369
-0.369706 -0.461697
-0.369518 -0.398357
-0.369205 0.583876
-0.368949 0.322313
-0.368813 0.277828
-0.368785 0.0825459
-0.368565 0.309788
-0.368353 -0.473897
-0.368263 -0.470743
-0.367452 0.582682
-0.366992 -0.453116
-0.366512 -0.469458
-0.366453 0.409481
-0.366447 0.319281
-0.366347 0.343753
-0.366233 0.309366
-0.366153 -0.493001
-0.366021 0.288205
-0.365412 0.30821
-0.365175 0.56146
-0.36517 -0.466858
-0.364832 0.30571
-0.364528 -0.485277
-0.364423 0.337393
-0.364336 -0.444126
-0.364284 -0.448673
-0.363882 -0.474441
-0.36379 -0.454761
-0.363731 -0.0582896
-0.363698 0.281569
-0.363569 -0.449916
-0.363001 0.30951
-0.362444 0.626874
-0.362383 -0.454102
-0.362025 -0.405639
-0.361971 0.313071
-0.360818 -0.469381
-0.360818 -0.460923
-0.360495 0.334792
-0.360157 0.326585
-0.359797 0.30232
-0.359741 -0.472306
-0.359617 0.310453
-0.359594 -0.430892
-0.359517 -0.423477
-0.359391 0.37402
-0.359137 -0.46293
-0.358557 1.17944
-0.358356 0.322058
-0.358254 -0.346659
-0.358023 -0.447369
-0.357801 0.298187
-0.357748 0.654922
-0.357663 0.659161
-0.357653 -0.43333
-0.357508 -0.455624
-0.357497 0.240888
-0.357315 0.338712
-0.357193 -0.218312
-0.356832 0.251244
-0.356525 0.296568
-0.35647 -0.468875
-0.355918 0.251444
-0.355677 -0.362081
-0.355656 0.79524
-0.355632 -0.396974
-0.355264 0.307254
-0.355201 -0.391097
-0.35493 -0.423522
-0.354363 1.15179
-0.353984 0.104317
-0.353521 0.333397
-0.353177 0.225883
-0.352877 0.327199
-0.352564 -0.4353
-0.352326 -0.434086
-0.35211 -0.450775
-0.352038 -0.438583
-0.351678 -0.436464
-0.351661 -0.441443
-0.351457 -0.419045
-0.351139 0.338546
-0.350958 -0.590768
-0.350939 0.314876
-0.350895 0.268696
-0.350788 -0.464381
-0.350777 0.291956
-0.350459 0.267182
-0.350353 0.31392
-0.349754 0.0956976
-0.349626 -0.439601
-0.34925 0.313086
-0.349122 -0.434635
-0.348974 -0.429929
-0.348903 0.10164
-0.348568 -0.422111
-0.348522 0.291094
-0.348064 -0.477273
-0.348051 -0.429877
-0.347972 -0.414779
-0.347836 0.104967
-0.347813 0.317871
-0.347505 0.0961101
-0.347232 -0.42754
-0.347203 0.219549
-0.347184 -0.441867
-0.346942 -0.434158
-0.346489 -0.420344
-0.345706 -0.432771
-0.345629 -0.433422
-0.345423 -0.458781
-0.345266 0.316518
-0.345168 -0.437896
-0.345108 0.610336
-0.344945 0.634111
-0.344866 -0.434503
-0.344744 1.02932
-0.344729 -0.525706
-0.344701 0.09498
-0.344487 0.178093
-0.344222 0.312697
-0.344158 -0.428698
-0.344156 0.318279
-0.344131 0.624448
-0.34407 0.31401
-0.344038 -0.435511
-0.343793 -0.398141
-0.343612 0.207659
-0.343538 -0.436701
-0.343446 -0.439544
-0.343303 0.0957826
-0.343231 -0.428835
-0.343032 1.02723
-0.342684 0.283087
-0.342626 -0.452489
-0.341797 -0.447578
-0.34141 -0.347959
-0.341409 0.309598
-0.341173 1.76942
-0.341142 0.081353
-0.340922 -0.434327
-0.340797 0.35364
-0.340693 -0.549884
-0.340662 0.101431
-0.340633 0.0822895
-0.34049 0.0965943
-0.340425 0.278104
-0.339937 -0.428638
-0.339751 -0.491553
-0.339678 0.200924
-0.339646 0.339969
-0.339523 -0.451485
-0.339261 -0.417985
-0.339254 -0.439406
-0.339071 -0.402134
-0.338797 -0.437537
-0.338625 -0.0893996
-0.338553 -0.40254
-0.338512 -0.430881
-0.338419 0.307443
-0.338302 -0.439162
-0.338173 -0.425361
-0.338155 0.922567
-0.337961 0.21314
-0.337876 0.300066
-0.337466 0.0933414
-0.337402 0.203163
-0.337068 0.292528
-0.336889 0.347068
-0.33682 -0.392191
-0.336597 -0.39162
-0.336486 -0.40782
-0.336081 -0.419477
-0.336017 0.10164
-0.335673 -0.455784
-0.335509 -0.434565
-0.335266 -0.456671
-0.335259 -0.454474
-0.334883 -0.432264
-0.334882 -0.433009
-0.334528 0.644753
-0.334245 -0.452705
-0.33391 -0.460779
-0.333793 -0.394277
-0.333508 -0.409561
-0.333375 -0.417295
-0.33336 0.260871
-0.333355 -0.426215
-0.333054 -0.463556
-0.332888 -0.441599
-0.332829 -0.442135
-0.332685 1.09136
-0.332519 -0.437398
-0.332431 0.741986
-0.332423 0.326514
-0.332357 -0.427675
-0.33234 -0.420717
-0.33135 -0.455409
-0.331226 0.337832
-0.33109 0.308286
-0.330967 -0.450448
-0.330686 -0.450067
-0.330441 -0.420665
-0.330363 -0.471225
-0.330252 -0.406871
-0.330171 0.0918284
-0.330033 0.22062
-0.330013 0.314285
-0.329899 0.0916099
-0.329742 0.0754379
-0.329632 0.269537
-0.329294 1.69322
-0.329261 0.289221
-0.329253 -0.417741
-0.329195 -0.448272
-0.328832 0.509612
-0.328827 -0.424917
-0.328779 -0.425208
-0.328666 -0.438772
-0.328572 0.0745965
-0.32857 -0.412666
-0.328165 0.0878638
-0.327396 0.206495
-0.327217 -0.446195
-0.3266 -0.462554
-0.326509 -0.423483
-0.326412 0.328978
-0.326249 -0.445575
-0.326217 0.0834377
-0.326185 -0.445042
-0.326142 0.193604
-0.325959 -0.445102
-0.325573 -0.443077
-0.32489 -0.445661
-0.324817 0.647317
-0.324696 0.318742
-0.324467 0.0870021
-0.324215 -0.472683
-0.324146 -0.406138
-0.324032 0.485716
-0.32374 0.0731317
-0.323374 -0.46739
-0.323089 -0.42963
-0.322863 -0.439375
-0.322775 0.715623
-0.322647 0.195953
-0.322621 -0.467539
-0.322562 -0.440465
-0.322442 -0.491174
-0.322149 0.715839
-0.321989 -0.439993
-0.321593 -0.415449
-0.321341 -0.468381
-0.320986 -0.423139
-0.320675 0.332264
-0.319989 -0.475049
-0.319721 -0.43781
-0.319652 -0.43722
-0.319552 -0.436937
-0.319394 -0.397964
-0.319348 -0.462718
-0.319226 0.262033
-0.319096 0.712938
-0.318969 -0.435339
-0.318369 -0.434089
-0.317826 -0.431956
-0.317554 0.665824
-0.317483 0.640634
-0.31711 0.513538
-0.317105 -0.470747
-0.31679 0.220255
-0.316164 0.313405
-0.315985 1.09744
-0.315369 -0.478494
-0.315271 -0.968172
-0.314608 1.12001
-0.314245 -0.412657
-0.314095 0.31127
-0.313666 -0.409718
-0.313654 0.208416
-0.313225 0.242819
-0.312738 0.653616
-0.312574 -0.450804
-0.312545 -0.446617
-0.31231 -0.463006
-0.31211 -0.473661
-0.311986 -0.483175
-0.311673 -0.402162
-0.311604 -0.461963
-0.311015 -0.476239
-0.311008 -0.574633
-0.310969 -0.470188
-0.31089 -0.45528
-0.310744 -0.45089
-0.310408 -0.471402
-0.310391 0.185585
-0.310365 -0.457013
-0.310355 -0.571944
-0.310216 -0.459629
-0.309809 0.268158
-0.309775 0.0533616
-0.309643 -0.547047
-0.309608 0.306085
-0.309547 -0.458342
-0.309465 -0.472423
-0.308939 0.232091
-0.308503 -0.468681
-0.308254 -0.466397
-0.308035 0.645167
-0.307972 0.135884
-0.307857 -0.615944
-0.307679 0.303123
-0.307486 -0.454317
-0.307453 -0.467963
-0.307396 -0.465347
-0.307394 -0.468412
-0.306691 0.301824
-0.306653 -0.474115
-0.306344 -0.464862
-0.306199 0.374382
-0.306061 -0.457285
-0.305983 0.296429
-0.305964 -0.463735
-0.305958 -0.464198
-0.305561 -0.388729
-0.305352 0.0421621
-0.3053 -0.450671
-0.305185 -0.463538
-0.304591 0.262101
-0.304522 0.239165
-0.304519 -0.450495
-0.304512 -0.459427
-0.30433 -0.451923
-0.304277 0.289781
-0.304038 -0.448837
-0.303955 -0.481582
-0.303727 0.34077
-0.303208 -0.453678
-0.303193 0.314507
-0.30286 0.365278
-0.30279 -0.463778
-0.302757 -0.676338
-0.302173 -0.485709
-0.301866 0.304956
-0.301227 0.187925
-0.300983 0.776911
-0.300751 -0.46172
-0.300658 0.18877
-0.300499 -0.459246
-0.300174 0.221471
-0.299888 0.651772
-0.299749 -0.45673
-0.299603 0.617566
-0.298959 -0.605102
-0.298884 -0.401084
-0.298438 -0.494769
-0.298434 -0.449701
-0.297148 0.239023
-0.296305 -0.58226
-0.295813 -0.520814
-0.295396 0.262274
-0.295228 0.0358282
-0.295129 0.800131
-0.295078 0.646489
-0.293936 -0.449168
-0.293922 0.191288
-0.293855 -0.445223
-0.293429 1.13072
-0.293053 -0.448019
-0.293011 -0.483036
-0.292673 -0.483639
-0.291909 -0.691373
-0.291692 0.753536
-0.291018 0.227192
-0.290551 0.270376
-0.290147 -0.515039
-0.289962 -0.519025
-0.289811 0.54178
-0.289804 0.160163
-0.289726 0.195496
-0.289379 -0.509081
-0.287626 -0.439203
-0.287197 -0.427935
-0.287053 -0.439003
-0.287011 -0.494626
-0.286503 -0.522658
-0.285564 -0.47178
-0.285103 -0.519846
-0.284791 -0.802789
-0.283358 0.759971
-0.283195 -0.468888
-0.282923 0.273844
-0.282122 -0.491409
-0.280582 -0.428595
-0.279533 -0.523066
-0.279129 -0.362193
-0.278448 -0.492911
-0.278392 0.713852
-0.278208 -0.488838
-0.278087 -0.474582
-0.277865 0.7067
-0.277813 0.675265
-0.277234 -0.41817
-0.276921 0.360415
-0.276822 0.322644
-0.276799 0.725489
-0.276375 -0.551029
-0.276281 0.793085
-0.27617 -0.458301
-0.276083 -0.516766
-0.275092 -0.448522
-0.274944 -0.475106
-0.274759 0.141149
-0.2744 -0.473426
-0.274117 0.303128
-0.274114 -0.578366
-0.274017 -0.503776
-0.273838 -0.472578
-0.273518 -0.481772
-0.273265 0.758343
-0.273172 0.730854
-0.272913 -0.510845
-0.272771 -0.48211
-0.272531 -0.519588
-0.272509 -0.495777
-0.272372 -0.469218
-0.272125 -0.463377
-0.270982 -0.531314
-0.270914 -0.528528
-0.270804 -0.468609
-0.270279 -0.47741
-0.269891 0.72657
-0.269863 -0.491145
-0.269696 -0.477185
-0.269545 0.728126
-0.269408 -0.489651
-0.269241 -0.572418
-0.269044 -0.585732
-0.26897 0.180224
-0.268921 0.204324
-0.268885 0.726498
-0.268328 0.74646
-0.268034 -0.503379
-0.267439 -0.477346
-0.267255 -0.507556
-0.267218 0.7223
-0.26719 0.735659
-0.266922 -0.510782
-0.266557 0.210166
-0.266385 -0.580559
-0.26627 -0.48998
-0.266127 0.347441
-0.265936 -0.578088
-0.265921 0.725466
-0.265782 0.727313
-0.265162 0.721112
-0.265022 -0.545491
-0.264882 -0.569332
-0.264865 0.540145
-0.264853 0.722032
-0.264824 0.73169
-0.264485 -0.4562
-0.264275 0.681511
-0.26419 -0.562116
-0.26411 0.723829
-0.264052 0.151838
-0.263912 0.738842
-0.263909 0.721436
-0.263755 0.724855
-0.263614 0.729606
-0.263569 -0.925281
-0.263405 0.18149
-0.263386 -0.54445
-0.263264 -0.511917
-0.263155 0.719981
-0.263039 0.722938
-0.262886 0.729032
-0.262726 -0.476738
-0.262415 -0.498717
-0.262278 0.726962
-0.26223 -0.50828
-0.261914 -0.497736
-0.261868 0.351096
-0.261848 0.740944
-0.261797 0.723874
-0.261611 0.725482
-0.261494 -0.461976
-0.261456 0.713987
-0.261396 0.311494
-0.261291 -0.552447
-0.260584 -0.554173
-0.260021 0.731754
-0.25996 -0.605808
-0.259575 0.151637
-0.25935 -0.506897
-0.259148 0.716587
-0.258635 -0.514244
-0.258623 0.722279
-0.257957 0.348392
-0.257878 0.274995
-0.257594 0.309251
-0.257477 -0.542118
-0.25724 -0.54558
-0.256738 -0.594211
-0.256594 -0.596365
-0.256555 -0.544932
-0.256519 -0.544364
-0.256115 -0.849006
-0.25597 -0.544053
-0.255907 -0.543808
-0.255546 -0.552294
-0.255432 -0.542132
-0.255016 0.72183
-0.254997 -0.54284
-0.25498 -0.590996
-0.254771 -0.549329
-0.253955 0.224965
-0.253895 0.692699
-0.253878 0.679654
-0.253877 1.22222
-0.253495 -0.550996
-0.253372 -0.44256
-0.253318 0.188691
-0.252637 -0.506783
-0.251896 0.684633
-0.251639 -0.533281
-0.251075 -0.533598
-0.25102 0.721072
-0.251015 -0.580868
-0.250795 -0.539973
-0.250557 0.677185
-0.250504 1.17105
-0.2502 -0.481492
-0.249835 -0.538047
-0.249624 -0.57641
-0.249295 -0.577245
-0.249145 -0.485222
-0.249085 -0.469619
-0.248742 -0.316242
-0.248 -0.521189
-0.24717 0.334369
-0.247055 0.17536
-0.24702 -0.573428
-0.246608 -0.563749
-0.245941 -0.542365
-0.245839 -0.566035
-0.245476 -0.548368
-0.245404 -0.310968
-0.245189 -0.461588
-0.244964 -0.544185
-0.244513 0.34115
-0.243902 0.336537
-0.243582 -0.482785
-0.24353 0.31555
-0.243299 0.340532
-0.243239 0.632356
-0.242947 -0.52223
-0.242945 -1.06111
-0.242893 -0.561459
-0.242683 0.0304515
-0.242511 0.329635
-0.242141 -0.555635
-0.241705 -0.839805
-0.241647 -0.463381
-0.241035 -0.546989
-0.240975 0.161934
-0.240019 -0.562814
-0.239662 -0.517664
-0.239427 -0.456725
-0.23913 -0.530464
-0.238615 -0.553542
-0.238555 0.324452
-0.238522 0.191483
-0.238129 -0.424372
-0.238076 0.0806445
-0.237378 -0.526901
-0.236952 -0.586129
-0.236243 -0.55702
-0.236099 -0.551912
-0.235806 0.310108
-0.235508 -0.457421
-0.234946 0.193969
-0.234876 -0.581173
-0.234863 -0.449551
-0.234318 -0.472335
-0.234188 -0.541254
-0.233581 -0.479528
-0.233506 -0.452276
-0.233382 -0.515214
-0.233324 0.698798
-0.233191 -0.727857
-0.232707 0.32107
-0.232318 -0.539631
-0.232038 -0.530297
-0.231899 0.302116
-0.231746 -0.494204
-0.231381 -0.527144
-0.230814 0.675124
-0.230133 -0.551499
-0.229957 -0.558851
-0.229769 0.724164
-0.229663 0.703217
-0.229175 -0.592517
-0.228593 -0.556777
-0.228115 -0.524987
-0.227873 -0.525137
-0.22763 0.986821
-0.227274 -0.460799
-0.22723 -0.450025
-0.227205 -0.589412
-0.227106 -0.477356
-0.226939 -0.549766
-0.226771 0.150705
-0.225939 -0.516433
-0.225524 -0.512456
-0.225177 -0.566127
-0.225032 -0.435387
-0.224486 0.0235926
-0.224161 0.689792
-0.223968 0.669038
-0.223429 -0.473568
-0.222135 -0.764064
-0.221692 0.729817
-0.221677 0.235568
-0.221646 0.167529
-0.221086 0.616013
-0.220325 0.336408
-0.220202 0.515624
-0.21956 -0.717815
-0.218833 0.761945
-0.217381 0.169161
-0.217369 -0.645208
-0.21704 0.678747
-0.216875 -0.501221
-0.216803 -0.711956
-0.216083 0.756022
-0.215527 0.519672
-0.215314 -0.703371
-0.214964 0.728653
-0.214631 0.752922
-0.214295 0.731183
-0.213293 0.295608
-0.213041 0.369811
-0.212629 -0.690115
-0.212113 0.315071
-0.211758 0.506594
-0.211594 0.0915698
-0.211461 -0.488628
-0.210764 -0.683822
-0.210468 -0.0598138
-0.210453 -0.650237
-0.209987 -0.68189
-0.209969 0.691125
-0.209955 0.310969
-0.209939 -0.627004
-0.20961 0.117766
-0.209542 0.689863
-0.207878 0.127475
-0.207656 -0.468645
-0.207656 -0.613303
-0.206958 -0.636852
-0.205936 -0.668445
-0.205562 0.67217
-0.205503 -0.689361
-0.205398 0.167462
-0.204573 0.673
-0.203804 -0.615004
-0.203153 -0.656564
-0.202722 -0.657678
-0.202416 0.294127
-0.201524 0.693647
-0.199773 -0.645203
-0.199597 0.119172
-0.197313 0.765033
-0.197167 0.123609
-0.19709 -0.634184
-0.196511 0.684871
-0.196282 -0.714074
-0.196094 -0.632257
-0.195774 -1.00302
-0.195644 0.676495
-0.195466 -0.50839
-0.195317 -0.657312
-0.195172 -0.585584
-0.194903 0.516342
-0.194571 -0.626787
-0.194443 -0.702993
-0.194391 -0.567097
-0.194294 -0.693188
-0.193912 -0.581037
-0.193076 -0.61049
-0.192528 -1.16858
-0.191874 -0.601965
-0.1909 -0.798126
-0.190829 0.674961
-0.19052 0.733862
-0.190124 -0.797305
-0.190064 0.697441
-0.189181 0.176987
-0.189106 0.29186
-0.188846 0.704885
-0.188719 0.679656
-0.188644 -1.18084
-0.187967 -0.790975
-0.187252 -0.424398
-0.186498 0.715934
-0.185711 0.701127
-0.185297 0.720642
-0.184979 0.158869
-0.184728 -0.827908
-0.184143 0.719401
-0.183929 0.682786
-0.183443 0.717923
-0.183268 -0.765528
-0.182891 -0.615751
-0.182594 -0.649191
-0.181643 -0.750407
-0.181413 -0.544379
-0.181341 -0.600277
-0.180451 -1.01844
-0.180449 0.619782
-0.179151 0.695601
-0.178894 0.69315
-0.178709 0.659323
-0.178383 0.689084
-0.178339 -0.740765
-0.178216 0.689587
-0.178074 -0.648519
-0.178049 -0.649581
-0.177646 -0.65004
-0.177369 -0.725877
-0.176942 0.752439
-0.17645 -0.642833
-0.175818 -0.812993
-0.175757 0.627608
-0.17565 -0.551759
-0.17537 0.682467
-0.175056 0.662916
-0.175051 -0.721439
-0.174998 -0.785614
-0.17498 -0.585022
-0.174777 -0.614403
-0.174758 0.754419
-0.174539 -0.822668
-0.174502 -0.906982
-0.174082 -0.609549
-0.173017 -0.992009
-0.171945 -1.57043
-0.171328 0.750225
-0.171041 0.698882
-0.170914 0.748077
-0.170116 -0.985245
-0.169196 -0.592501
-0.169145 -0.512196
-0.169103 -0.634903
-0.168542 -0.697887
-0.168504 0.745155
-0.168304 0.711138
-0.167703 -0.684351
-0.167679 0.640361
-0.167081 0.74119
-0.166941 -0.421342
-0.166629 0.701884
-0.166349 -0.678471
-0.166108 0.665314
-0.165947 -0.609168
-0.165304 -1.14398
-0.165191 0.582616
-0.164747 -0.670411
-0.163959 0.718221
-0.163798 0.707228
-0.16339 0.618787
-0.163168 -1.22023
-0.163006 0.876767
-0.161492 0.581024
-0.16092 -0.706775
-0.160794 -0.862472
-0.160147 -0.759539
-0.15999 -0.908172
-0.159597 -0.581556
-0.159531 0.728715
-0.159208 -0.664717
-0.158943 -0.659839
-0.158889 0.664634
-0.158007 -0.842899
-0.15773 -0.866087
-0.157669 -0.774754
-0.157579 -1.07583
-0.15735 -1.02612
-0.15703 -0.566902
-0.156251 0.696448
-0.156206 -0.829011
-0.155625 0.708638
-0.15494 -0.50419
-0.154037 -0.693437
-0.153662 -0.61885
-0.153437 0.509708
-0.153333 -0.974742
-0.152853 -0.830965
-0.15279 -0.614528
-0.152275 -0.817949
-0.152064 -0.793495
-0.151869 -0.972543
-0.151767 0.755106
-0.151757 -0.90757
-0.151622 -0.844788
-0.151465 -0.812917
-0.151457 0.601143
-0.151347 -0.744307
-0.151145 -0.866344
-0.151098 -0.751292
-0.150747 -0.70315
-0.150447 -0.644389
-0.150116 -0.614763
-0.149847 -0.672024
-0.149751 -0.792078
-0.149251 0.0983053
-0.148922 0.702642
-0.14843 -0.688459
-0.148229 0.728403
-0.147889 -0.679225
-0.147823 0.264309
-0.147656 -0.515305
-0.147415 0.494854
-0.147259 0.480633
-0.14721 0.540717
-0.147191 0.571386
-0.147184 -0.938818
-0.147001 0.657689
-0.146444 -0.597484
-0.145758 -0.867088
-0.145731 -0.769397
-0.145715 -0.76322
-0.144523 -1.0345
-0.144435 0.553904
-0.144269 0.518383
-0.14425 -0.665347
-0.142418 0.541116
-0.142384 0.268164
-0.141778 0.257555
-0.141656 -0.656862
-0.141615 -1.00185
-0.141517 0.715079
-0.14123 -0.816739
-0.141116 0.260297
-0.14102 -0.834588
-0.140107 -0.805383
-0.139712 -0.556971
-0.138776 -0.722386
-0.138775 -0.758353
-0.137968 -0.635779
-0.137939 -0.667381
-0.137498 -0.952196
-0.137399 -0.648496
-0.13739 0.678146
-0.137277 -0.776805
-0.136638 -0.723981
-0.136468 -0.735609
-0.13591 -0.698472
-0.135677 0.716793
-0.135344 -0.849644
-0.135267 -0.535236
-0.13507 -0.892679
-0.134823 0.978207
-0.133923 0.650348
-0.133394 0.717973
-0.133036 0.72251
-0.132945 -0.815752
-0.132674 -0.615345
-0.132664 -0.670058
-0.132544 -0.848301
-0.132 -0.713585
-0.131449 0.460358
-0.131363 -0.699686
-0.13121 -0.625785
-0.131026 -0.725
-0.130453 0.627851
-0.129567 0.503111
-0.129348 0.714759
-0.129234 0.715518
-0.128708 -0.682819
-0.128653 -0.736963
-0.128449 0.715491
-0.12832 -0.661445
-0.128116 -0.723124
-0.128024 0.713563
-0.12791 0.720862
-0.127501 0.687172
-0.127494 -0.604888
-0.127482 -0.634906
-0.127275 0.714963
-0.127218 -0.720903
-0.127008 -0.77646
-0.126491 -0.679207
-0.126482 0.614564
-0.126384 -0.635285
-0.126296 0.607206
-0.125323 -0.700338
-0.125234 -0.702735
-0.125075 0.70893
-0.124832 -0.757695
-0.124067 0.716984
-0.123997 -0.793264
-0.123574 -0.927103
-0.123364 -0.75221
-0.122524 -0.623088
-0.12176 -0.748939
-0.121627 -0.629771
-0.121571 -0.810139
-0.121342 -0.607036
-0.121008 -0.658731
-0.120924 -0.818077
-0.120589 0.0755134
-0.119913 -0.615059
-0.11979 -0.655745
-0.119553 0.71343
-0.119514 -0.625324
-0.119005 -0.814475
-0.118344 -0.642933
-0.117832 0.715297
-0.116276 -0.784122
-0.115961 -0.77576
-0.115929 -0.741749
-0.115863 0.616095
-0.115807 -0.738531
-0.115778 -0.578792
-0.115526 -0.753329
-0.115418 -0.767873
-0.115309 0.720206
-0.114505 -0.725375
-0.114169 -0.749831
-0.113637 -0.646682
-0.113229 0.51953
-0.112731 -0.767057
-0.112503 -0.716855
-0.112237 0.341285
-0.112211 -0.737907
-0.111288 -0.730056
-0.111235 -0.728466
-0.111105 -0.696038
-0.111025 -0.724451
-0.110611 -0.699012
-0.110521 -0.642357
-0.110339 -0.729403
-0.110209 -0.609111
-0.109947 0.670062
-0.109814 0.519613
-0.109701 -0.65523
-0.109297 0.755763
-0.109214 -0.637658
-0.10898 0.714923
-0.108563 0.515675
-0.108465 0.719785
-0.108249 -0.776688
-0.108197 -0.716171
-0.108068 -0.703201
-0.107919 -0.720812
-0.107839 -0.702509
-0.107504 0.731864
-0.107496 0.508025
-0.107368 -0.633999
-0.107163 -0.670751
-0.107143 0.568856
-0.107095 -0.645658
-0.106932 -0.750215
-0.106639 -0.695632
-0.106573 -0.78329
-0.106288 0.720802
-0.105199 0.722777
-0.105157 -0.667839
-0.105151 0.720458
-0.104992 0.724476
-0.104938 0.724527
-0.104545 0.561176
-0.104529 0.332039
-0.104383 0.721365
-0.104383 -0.724786
-0.104006 0.720163
-0.103906 -0.664047
-0.103835 0.722699
-0.103777 0.718351
-0.103771 -0.66881
-0.103654 0.720477
-0.103312 -0.724495
-0.103116 0.547751
-0.102352 0.733374
-0.102261 0.722714
-0.102042 -0.65087
-0.101893 -0.740879
-0.101065 0.727663
-0.101035 0.723429
-0.100773 -0.490467
-0.100522 -0.690877
-0.100403 0.719251
-0.0999317 0.450746
-0.0995948 0.716721
-0.0993327 0.466029
-0.0991631 -0.710588
-0.0989891 -0.59227
-0.0981911 0.0236621
-0.0981507 -0.43061
-0.0970222 -0.587251
-0.0969696 0.689225
-0.096328 -0.678625
-0.0957164 0.721664
-0.0956294 0.729717
-0.0954359 -0.462074
-0.0954049 -0.463853
-0.0949436 0.730304
-0.0943866 0.727002
-0.0941215 1.13503
-0.0938 0.72653
-0.0932629 0.944469
-0.0922029 0.589887
-0.0921543 0.670595
-0.0898327 0.580835
-0.0894604 0.727241
-0.087857 0.33681
-0.0871632 0.716654
-0.0864115 -0.56545
-0.0863565 -0.377364
-0.0855631 0.715762
-0.0852359 0.1613
-0.0845236 0.526943
-0.0835082 0.477152
-0.0832178 0.530825
-0.0828606 0.528702
-0.0825269 -0.582481
-0.0805214 0.370383
-0.0797911 -0.603851
-0.0796135 -0.525203
-0.0792963 -0.345423
-0.0783863 0.309276
-0.074139 -0.614821
-0.0739814 -0.395138
-0.0732517 -1.31248
-0.0720948 -0.586183
-0.0690742 -1.19653
-0.0681302 -0.58133
-0.0659041 -0.549726
-0.0648011 0.289898
-0.062506 0.646559
-0.0621275 -0.794582
-0.0604303 -0.57067
-0.0602311 0.543819
-0.0597342 -0.888174
-0.058764 -0.827823
-0.0584385 0.52527
-0.0579596 0.308511
-0.057906 0.52545
-0.057217 0.508161
-0.057099 0.505548
-0.0567375 0.527442
-0.0564879 0.504061
-0.056113 0.496885
-0.0560973 0.503995
-0.0559237 -0.678937
-0.055737 0.498144
-0.0556338 0.589759
-0.0556093 -0.688963
-0.055599 -0.717622
-0.0554276 -0.796571
-0.055175 -0.657709
-0.0551131 -0.736844
-0.0547972 0.484457
-0.0546146 -0.634305
-0.054315 -0.666555
-0.0541837 -0.715834
-0.0540846 -0.681512
-0.0537285 -0.688558
-0.0533256 -0.678959
-0.0531216 -0.702775
-0.0525217 0.208589
-0.0525174 -0.6788
-0.0524986 -0.645212
-0.0523186 -0.643454
-0.0522197 -0.639999
-0.0522087 -0.649891
-0.0520403 -0.670353
-0.0519218 -0.67191
-0.0517483 -0.663132
-0.0516907 -0.656012
-0.0511625 -0.648439
-0.0508442 -0.648453
-0.0508335 -0.636243
-0.0507476 -0.655682
-0.0507198 -0.645015
-0.050697 -0.624669
-0.050653 -0.636575
-0.050493 -0.648299
-0.0504411 -0.688261
-0.050315 -0.648428
-0.0501796 -0.746047
-0.0501716 -0.645648
-0.0500779 -0.646548
-0.0500364 0.527671
-0.0500278 -0.644299
-0.0499015 -0.644591
-0.0498175 -0.626353
-0.0497947 0.440664
-0.0496768 -0.646977
-0.0496303 -0.639557
-0.0495554 -0.63904
-0.0493059 -0.620038
-0.0491329 -0.634307
-0.0487221 -0.600369
-0.0482931 -0.692735
-0.047884 -0.624296
-0.0478257 -0.631392
-0.0475862 0.499441
-0.0475762 -0.782038
-0.0475129 0.497412
-0.0470701 -0.715341
-0.0459123 -0.692782
-0.0458308 -0.682278
-0.0457364 -0.702233
-0.0456382 -0.674868
-0.0455569 -0.679179
-0.0451255 -0.675789
-0.0449481 -0.66759
-0.0449462 -0.647049
-0.0448997 -0.770662
-0.0448101 -0.657236
-0.0448023 -0.703917
-0.0447732 -0.645714
-0.0446181 -0.647486
-0.0445181 -0.657762
-0.0444729 -0.663295
-0.0443805 -0.684082
-0.0442169 -0.644272
-0.0436352 -0.701245
-0.0436083 -0.648017
-0.0431821 -0.638397
-0.0423596 -0.656531
-0.0423563 -0.642779
-0.0421473 -0.635283
-0.0419993 -0.671323
-0.0418966 -0.63711
-0.0418742 -0.639718
-0.0416739 -0.665393
-0.0414724 -0.645095
-0.0414591 -0.723303
-0.0413633 -0.863769
-0.0411435 -0.672085
-0.0411075 -0.655018
-0.0410537 -0.689718
-0.0407769 -0.641087
-0.0407605 -0.691419
-0.0405569 -0.736194
-0.0402471 -0.95746
-0.0386631 -0.678045
-0.0385463 -0.680868
-0.0373837 -0.716453
-0.0372739 0.579903
-0.0369011 -0.641675
-0.0368594 -0.625258
-0.036835 -0.682826
-0.0368326 -0.67306
-0.0366452 -0.664802
-0.0366127 0.335035
-0.0363401 0.211906
-0.0361227 -0.610447
-0.0360517 -0.112083
-0.0359139 -0.666875
-0.0358391 0.147942
-0.0358079 -0.675375
-0.0356799 -0.650412
-0.0348451 -0.628172
-0.0332523 -0.799176
-0.0331551 -0.0269805
-0.0327236 0.497964
-0.0322437 0.204832
-0.0315716 -0.668288
-0.0314918 -0.593755
-0.031106 -0.757656
-0.0309364 -0.539485
-0.0308033 0.356898
-0.0303934 -0.836589
-0.0272321 -0.630896
-0.025999 -0.588235
-0.025872 1.16655
-0.0258347 -0.641379
-0.0258305 -0.407198
-0.0247207 -0.654254
-0.0242665 -0.637884
-0.0240138 -0.690767
-0.0232011 -0.186911
-0.0228702 -0.41741
-0.0218579 0.32046
-0.0216333 -0.591075
-0.0195785 0.439359
-0.0192692 0.496175
-0.0190844 -0.133553
-0.0187841 -0.500879
-0.0182455 -0.667603
-0.0181792 -0.496274
-0.0172806 -0.0955165
-0.0169429 -0.637644
-0.0169238 -0.728194
-0.0122756 -0.319646
-0.0110561 -1.03834
-0.0108592 0.516182
-0.0104605 -0.956896
-0.00891778 0.330401
-0.00878371 -0.601457
-0.00828329 0.222535
-0.00693206 -0.577236
-0.00667239 -0.603103
-0.00599677 -0.531175
-0.00521942 0.513344
-0.00487231 -0.668604
-0.00384896 -0.626123
-0.0031413 0.549779
-0.0029225 -0.779126
-0.00250989 -0.0812293
-0.00128823 -0.67596
-0.0012543 -0.687888
-0.00101636 -0.692546
-0.00087573 -0.682634
0.00103011 -0.0779182
0.00145578 -0.0749798
0.00327989 -0.594062
0.00356633 -0.896653
0.00420582 0.125837
0.00422481 0.516413
0.00447588 4.08407
0.00477386 -0.182264
0.00508074 0.523808
0.00593078 -0.65985
0.00859198 -0.527356
0.00949462 -0.149871
0.0100295 -0.170592
0.010119 -0.157135
0.0102388 -0.623137
0.0103757 -0.61693
0.010424 -0.540742
0.010535 -0.157721
0.0105528 -0.151826
0.0105897 -0.621932
0.0105955 -0.153084
0.0106525 -0.153193
0.0106734 -0.151973
0.0106734 -0.151849
0.0109319 -0.621657
0.0111618 -0.158972
0.0111773 -0.155501
0.0112598 -0.156539
0.0113627 -0.205975
0.0115296 -0.155905
0.0115725 -0.191135
0.0116088 -0.62477
0.0116218 -0.162993
0.0117008 -0.167995
0.0117077 -0.155366
0.0118527 -0.162793
0.0118531 -0.166162
0.0119359 -0.160423
0.0119617 -0.161921
0.0121073 -0.164503
0.0121298 -0.177303
0.012207 -0.157054
0.0122856 -0.157361
0.0124938 -0.164207
0.0125709 -0.160292
0.0127214 -0.157965
0.0127692 -0.158107
0.0128027 -0.15888
0.0128138 -0.158813
0.0128163 -0.15898
0.0128616 -0.15816
0.0128659 -0.158504
0.0128946 -0.158517
0.0129196 -0.17254
0.0129241 -0.163544
0.0129398 -0.158981
0.0130222 -0.158627
0.0130453 -0.166191
0.013048 -0.15893
0.0130575 -0.166266
0.013104 -0.159844
0.0131113 -0.161208
0.0131237 -0.165366
0.0131259 -0.158738
0.0131266 -0.170357
0.0131293 -0.160752
0.0131371 -0.162113
0.0131406 -0.159146
0.0131795 -0.158506
0.0131845 -0.160138
0.0132408 -0.160416
0.0132462 -0.166908
0.0132576 -0.169711
0.0132751 -0.161381
0.013281 -0.159936
0.0132838 -0.158329
0.0133075 -0.159701
0.0133215 -0.15872
0.013326 -0.158637
0.0133579 -0.174525
0.0133683 -0.160753
0.013386 -0.166668
0.0133926 -0.160579
0.0134154 -0.159141
0.0134171 -0.160738
0.013433 -0.158839
0.0134388 -0.169909
0.013455 -0.158952
0.0134644 -0.167323
0.0134871 -0.178381
0.0134934 -0.177028
0.0135042 -0.16722
0.0135425 -0.177543
0.0135878 -0.579969
0.0136216 -0.166849
0.0136376 -0.168404
0.0137265 -0.161975
0.0137607 -0.159455
0.0137907 -0.164237
0.0138739 -0.184932
0.013956 -0.15852
0.0139828 -0.204238
0.0139848 -0.172613
0.0139871 -0.184806
0.0140454 -0.158821
0.0140796 0.500664
0.0141304 -0.185657
0.0141316 0.513861
0.0141374 -0.580877
0.0141554 -0.15984
0.0142196 -0.173947
0.0142653 -0.19728
0.0143532 -0.205582
0.0143588 -0.172179
0.0144042 -0.180038
0.0144176 -0.191872
0.0145023 -0.168409
0.0145094 -0.215616
0.0146845 -0.62626
0.0149376 -0.163479
0.015018 -0.15744
0.0152378 -0.622011
0.015326 -0.158193
0.0153759 -0.158598
0.0155155 -0.633914
0.0157507 -0.602901
0.0159337 -0.568072
0.0159477 -0.159638
0.0161234 0.521936
0.0163948 -0.214767
0.0164276 -0.0787946
0.0165491 -0.162228
0.0166008 0.520489
0.0166104 -0.169502
0.0166483 -0.172966
0.0171407 0.534373
0.0171617 0.495334
0.0174257 -0.17554
0.0181224 0.51198
0.0181614 -0.62272
0.0183892 0.540391
0.0184894 -0.657429
0.0185349 -0.385048
0.0185546 -0.175401
0.0185657 0.509664
0.0188439 0.526853
0.020015 0.526754
0.0200154 0.525606
0.0212163 -0.118633
0.021247 -0.255275
0.0212977 -0.639577
0.0218503 0.527906
0.0219354 -0.210067
0.0219452 -0.15768
0.0220983 -0.158336
0.0221874 0.556739
0.0224709 -0.158289
0.0228302 0.599022
0.0234787 -0.635139
0.0235759 -0.150393
0.0237996 0.54794
0.0239045 1.37305
0.0241365 0.524978
0.0241741 0.507961
0.02438 0.519478
0.0245685 -0.196047
0.0251208 0.514943
0.0251442 -0.158056
0.0258556 0.408218
0.0260201 -0.62732
0.0267674 -0.0995398
0.0269021 -0.158138
0.0270375 0.545762
0.027352 -0.158568
0.0283153 -0.610779
0.0283383 -0.15589
0.0286148 -0.158045
0.0286883 -0.156578
0.0288532 -0.259035
0.0294297 -0.289318
0.029757 -0.159091
0.0301029 -0.156585
0.0304737 -0.157515
0.0306552 -0.157655
0.0307164 -0.15768
0.0310397 -0.158075
0.0310499 0.345278
0.0314198 -0.632651
0.0314408 0.561478
0.0315578 -0.677454
0.031722 -0.157166
0.0319479 -0.157833
0.0320819 -0.157978
0.032315 -0.647981
0.0324376 -0.158328
0.0330017 -0.636505
0.0330036 -0.621828
0.0330608 -0.157652
0.0331913 -0.157882
0.0332891 -0.61656
0.0332914 -0.158129
0.0335284 -0.637865
0.0335833 0.510188
0.0340726 -0.156756
0.0340983 0.511758
0.0341507 -0.154325
0.0342003 1.3653
0.0343373 -0.157288
0.034448 0.522077
0.0348249 0.523995
0.0349339 0.516819
0.0351535 -0.156792
0.035172 -0.651995
0.0352901 -0.150858
0.0352972 -0.111714
0.0353167 -0.241866
0.0353586 -0.15764
0.0354749 0.528665
0.0354967 -0.158041
0.0355044 -0.156302
0.0355679 -0.648308
0.0356381 0.52257
0.0356846 -0.153848
0.035765 -0.157619
0.0357992 -0.157771
0.0360025 -0.586847
0.0361327 -0.624645
0.036138 -0.156951
0.0361468 -0.602074
0.0362383 -0.11252
0.0363309 -0.157639
0.0363484 0.450671
0.0363952 -0.157014
0.0366106 -0.627606
0.0366279 0.520656
0.0366562 -0.156632
0.03695 0.511046
0.0371715 0.537688
0.037196 0.541535
0.0372497 -0.157188
0.037288 -0.157047
0.0373331 0.553858
0.0374295 -0.157246
0.0374833 0.518688
0.0374978 -0.157187
0.0376684 -0.147711
0.0377479 -0.156512
0.0378866 -0.162376
0.03806 -0.154519
0.0381527 -0.156479
0.0382366 -0.613992
0.0382717 0.531593
0.0383977 -0.155077
0.0384986 0.426907
0.0385959 -0.154544
0.0386138 0.533614
0.0386326 -0.155153
0.0386404 -0.156359
0.038798 -0.156807
0.0388022 -0.156491
0.0388359 -0.147752
0.0389691 -0.609733
0.0389881 -0.156781
0.039066 -0.159349
0.0391085 -0.622201
0.0391696 0.561961
0.0391788 0.55916
0.0393152 -0.155615
0.0393218 -0.62881
0.0393314 -0.151171
0.0393737 -0.148616
0.0394175 -0.150065
0.0394311 -0.150651
0.0395347 -0.106868
0.0397623 -0.155302
0.039795 -0.157504
0.0398925 -0.155908
0.0399257 0.502304
0.0399926 -0.156561
0.0400348 -0.148653
0.0401145 -0.15763
0.0401297 0.492155
0.0401932 0.485672
0.0402562 -0.155811
0.0402983 -0.60797
0.0403298 -0.10614
0.0403502 -0.156598
0.0404481 -0.156122
0.0404486 -0.157715
0.0404589 -0.157304
0.0406612 -0.157741
0.040769 -0.641171
0.0409598 -0.157134
0.0410027 -0.156332
0.0410037 0.519676
0.041048 -0.154301
0.041137 -0.649767
0.0411448 -0.155699
0.0412278 0.517855
0.0413609 -0.155246
0.0414879 0.457414
0.0416516 -0.156874
0.0416991 -0.15823
0.0418008 -0.159268
0.0418691 -0.661868
0.0419225 -0.156348
0.0419662 0.521964
0.0420117 0.503014
0.0420381 0.527657
0.0420541 -0.590394
0.0420607 -0.631874
0.0422006 -0.157914
0.0422166 -0.156827
0.042265 -0.155782
0.0424496 0.523468
0.0424609 -0.159547
0.0426254 -0.156693
0.0426325 -0.151847
0.0426594 -0.153953
0.0427617 -0.156332
0.0427649 -0.154984
0.042865 -0.156675
0.0429028 0.523206
0.0429256 0.424737
0.042927 0.540795
0.0429969 -0.635567
0.0430427 0.500824
0.0430926 -0.156673
0.0431153 0.520289
0.0431758 -0.159607
0.0432282 -0.155754
0.043292 0.633774
0.0434226 -0.156417
0.0434916 -0.156632
0.0435368 0.597681
0.0436012 -0.636597
0.0437302 -0.156089
0.0437937 -0.1504
0.0438421 -0.155032
0.0439046 -0.156868
0.0439735 -0.156162
0.043991 -0.092697
0.0439989 -0.630172
0.0440763 -0.157964
0.0442558 0.428136
0.0443035 -0.156135
0.04435 -0.151165
0.0444539 -0.156716
0.0444827 -0.149883
0.0444864 -0.6344
0.0444975 -0.157083
0.044552 -0.156164
0.0445634 -0.154641
0.0446166 0.540774
0.0446357 -0.156008
0.0446421 -0.157558
0.0447611 -0.15627
0.0447686 -0.150176
0.0449054 -0.152583
0.0449723 -0.155856
0.045032 0.529858
0.0451374 -0.156601
0.0452842 -0.5218
0.0453068 -0.626712
0.0453762 -0.153163
0.0453994 -0.639965
0.045528 -0.154928
0.0456498 0.513844
0.0456637 -0.621049
0.045686 -0.624065
0.0457571 -0.634012
0.0460546 -0.625851
0.0461061 -0.156498
0.0461559 -0.155908
0.0462287 -0.646047
0.0463048 -0.155849
0.0464446 -0.647301
0.0465662 -0.629256
0.0465702 -0.153375
0.0466485 -0.639491
0.0466841 -0.621965
0.0467064 -0.620784
0.0467815 -0.607321
0.0467901 -0.156372
0.046848 -0.639673
0.0470031 -0.632989
0.0470236 -0.155227
0.0471152 -0.156667
0.0471724 -0.640902
0.0471768 -0.156836
0.0472301 -0.155566
0.0472446 -0.156026
0.047261 -0.632756
0.0473009 -0.626621
0.0474414 0.575866
0.0474844 -0.155982
0.0475335 -0.15581
0.047536 -0.634116
0.0475639 -0.156054
0.0476107 -0.155009
0.0476357 -0.630567
0.0477626 -0.642981
0.0478058 -0.637474
0.0478216 0.514546
0.0479088 -0.637076
0.0479708 -0.15646
0.0479953 -0.0985655
0.0480875 0.4989
0.048127 -0.637823
0.0481407 -0.638415
0.0481686 -0.638766
0.0481915 0.526094
0.0482221 -0.157156
0.0484268 -0.630697
0.0485325 -0.637688
0.0486238 -0.643605
0.0486626 -0.640474
0.048681 0.505312
0.0486891 -0.156745
0.0487874 -0.643149
0.0487999 -0.147545
0.0488127 -0.644291
0.0488264 -0.707117
0.0488528 -0.640258
0.0489203 -0.156842
0.0490005 0.517427
0.0490676 -0.616738
0.049156 -0.148485
0.0492153 0.509458
0.0492452 -0.633755
0.0493082 0.517655
0.0493288 -0.642253
0.0493315 -0.907128
0.0493399 -0.638451
0.0493406 -0.154183
0.049341 -0.157275
0.0494311 -0.619621
0.0494612 -0.660734
0.0495827 -0.15583
0.0495977 -0.641526
0.049654 -0.646006
0.0497123 0.506081
0.0497654 -0.638687
0.0500564 -0.622378
0.0501816 -0.64747
0.0502476 -0.156469
0.050485 0.574827
0.050508 -0.15632
0.050598 -0.156175
0.0507634 -0.156554
0.051031 -0.652023
0.0511024 0.547031
0.051603 -0.132781
0.0516332 0.591563
0.0517602 0.56283
0.0517629 -0.157146
0.0522521 -0.132578
0.0522644 -0.636619
0.052303 0.526177
0.0524407 -0.633744
0.0530386 -0.134335
0.053319 -0.122473
0.0533262 -0.108151
0.0533296 -0.123484
0.0533934 0.527616
0.053436 -0.514643
0.0534719 -0.135609
0.0535833 -0.124132
0.0535874 -0.648409
0.0536949 -0.135483
0.0537297 -0.134905
0.0540022 0.598459
0.0542091 0.520639
0.0543095 -0.688619
0.0544321 -0.631703
0.054442 -0.155984
0.0544577 -0.590786
0.0544617 -0.109769
0.0544675 -0.136277
0.0544992 -0.168428
0.0545671 -0.861569
0.0546417 -0.382667
0.0547281 -0.155903
0.054836 -0.150983
0.0548914 -0.133186
0.0551768 -0.156125
0.0556306 -0.160854
0.0557572 -0.156968
0.0557779 -0.119628
0.0561102 -0.601264
0.0562622 0.418179
0.056319 -0.698426
0.0564459 0.508401
0.0565513 -0.439179
0.0567261 0.532225
0.0567312 -0.155596
0.0568137 -0.155647
0.0571214 -0.155777
0.0571787 0.429514
0.0576012 -0.785804
0.0576827 0.592415
0.0580566 -0.596857
0.058092 -0.681477
0.0584156 0.56513
0.0596358 -0.732509
0.0598135 -0.54685
0.0599445 -0.629083
0.059977 0.480078
0.0602592 0.505656
0.060406 0.866211
0.0604668 -0.653154
0.060614 -0.155664
0.0608216 -0.15573
0.0608588 -0.131659
0.0611237 0.544052
0.0611405 0.534231
0.0611956 0.512121
0.0614405 -0.146171
0.0616803 -0.15017
0.062293 -0.131528
0.062609 -0.155403
0.0626233 -0.150262
0.0626769 0.494207
0.062693 -0.14837
0.0627796 -0.15568
0.0630622 -0.146841
0.0631607 -0.452608
0.063175 0.450032
0.0633693 -0.156117
0.0637379 -0.147974
0.0638928 -0.156791
0.0640211 -0.149333
0.0641121 -0.425194
0.0643566 0.505046
0.0643771 -0.628158
0.0643818 0.58434
0.0643828 0.510981
0.064534 0.533213
0.0645393 0.435342
0.0646038 -0.132204
0.0649815 0.509121
0.0650083 0.511882
0.0653294 -0.14906
0.0653561 -0.458176
0.0654701 0.512775
0.0661528 -0.151804
0.0662103 -0.577384
0.0663018 -0.15231
0.0663269 -0.139111
0.0664455 -0.31125
0.0665425 -0.152606
0.0672085 0.445536
0.0674705 -0.644548
0.0676133 -0.153588
0.067642 -0.343572
0.0680347 0.539347
0.0681715 -0.594398
0.0687776 -0.665267
0.0687952 -0.153831
0.069713 -0.154497
0.0700798 -0.50645
0.0702082 -0.213625
0.0702606 0.533257
0.0702787 0.531053
0.0708756 0.475205
0.0708981 -0.493746
0.0710485 -0.725481
0.0712739 0.540889
0.0713325 0.583423
0.0714555 -0.158059
0.072066 -0.640541
0.0724031 -0.614867
0.0724842 -0.607967
0.0733359 0.565979
0.0739475 0.551599
0.0740415 -0.611242
0.0741597 -0.625878
0.0743418 -0.16102
0.0747637 -0.577282
0.0748748 0.511621
0.0749592 0.469904
0.0750708 -0.586519
0.0765607 -0.612888
0.0766383 -0.627144
0.0769842 0.508083
0.0771495 -0.525308
0.0772382 -0.544794
0.0780325 -0.599172
0.0782602 -0.624665
0.0783456 -0.618058
0.0785487 -0.523808
0.0787424 -0.627494
0.0788654 -0.611664
0.0792706 -0.579153
0.0794316 -0.714592
0.079915 -0.637377
0.0801662 0.487743
0.0803422 -0.620359
0.0804469 0.52897
0.0805849 -0.620828
0.0807984 -0.627304
0.0810887 0.52901
0.0814027 0.533819
0.0815905 0.545491
0.0816027 -0.495187
0.0816516 -0.612291
0.0816794 -0.610031
0.0817806 -0.62822
0.0818235 -0.159722
0.081944 -0.628174
0.0819742 -0.612255
0.0819891 -0.610527
0.082013 0.558295
0.0827067 -0.638058
0.0827752 -0.559761
0.0829063 2.04371
0.0832244 -0.639686
0.0834413 -0.611533
0.0835872 -0.173723
0.0836017 -0.627754
0.0842762 0.545645
0.0846466 0.534616
0.0848734 -0.640818
0.0850218 -0.572072
0.0850328 -0.608238
0.0850517 0.410724
0.085243 0.467119
0.0859244 -0.624998
0.0859508 -0.62974
0.0863432 -0.623782
0.0866055 0.0448619
0.0869042 -0.62966
0.0871654 0.447833
0.0872268 -0.627254
0.0872977 -0.375621
0.0873784 -0.653831
0.0873789 -0.662892
0.0875095 -0.655883
0.0876256 -0.630204
0.0877217 -0.636188
0.0880923 -0.645321
0.0885326 -0.51992
0.0887184 -0.571582
0.0887373 -0.624595
0.0888541 -0.596992
0.0889723 0.488866
0.0893736 -0.627926
0.0894422 -0.640741
0.089525 0.626087
0.0896426 -0.649986
0.0896763 -0.62536
0.0902433 -0.639926
0.0902514 -0.662262
0.0909906 -0.634675
0.0912429 0.650781
0.0916313 -0.655463
0.0921762 -0.678117
0.0922161 0.508123
0.0922745 -0.606363
0.0924955 -0.610923
0.0927833 -0.676697
0.0927886 -0.610021
0.0928884 -0.646852
0.0930996 0.530285
0.0933956 -0.616657
0.0941443 0.532535
0.0941745 -0.669174
0.0945406 -0.60337
0.0948122 -0.621493
0.0948266 -0.617876
0.0948731 -0.615441
0.0948941 0.52602
0.0950674 -0.668119
0.0951751 -0.622334
0.0952192 -0.622998
0.0952497 -0.621232
0.0957542 -0.62451
0.0957727 -0.624957
0.0958484 -0.626007
0.0960579 -0.62499
0.0961427 0.523787
0.0961495 -0.620951
0.0962869 -0.627078
0.0963637 -0.62768
0.0963658 -0.624693
0.0963776 -0.625414
0.0964945 -0.625895
0.0965454 -0.63157
0.096752 -0.625671
0.0968369 0.510333
0.0968535 0.538672
0.0969839 0.477899
0.0971561 -0.608028
0.0972143 -0.191879
0.0972187 -0.630071
0.097352 -0.630702
0.0977106 -0.631084
0.097832 0.548656
0.0978696 0.540208
0.0979969 -0.629507
0.0980434 -0.628833
0.0984264 -0.63154
0.0985478 -0.63587
0.0986026 -0.634421
0.0987371 0.560022
0.0987681 -0.623489
0.0988698 -0.609941
0.0992033 -0.616463
0.0992477 -0.637352
0.0993771 0.546284
0.0994647 0.494623
0.0996375 0.547423
0.100002 0.530779
0.100324 -0.619399
0.101044 -0.619131
0.101089 -0.614542
0.101231 -0.637294
0.101309 -0.613941
0.101327 0.529112
0.101368 -0.592463
0.101703 -0.59312
0.101725 -0.623818
0.101978 -0.706661
0.101998 0.454418
0.10372 -0.626917
0.104297 0.497372
0.104347 -0.633688
0.104568 -0.624811
0.105084 0.503314
0.105144 0.509183
0.105208 -0.645847
0.105562 -0.594718
0.10662 0.526983
0.106643 0.591608
0.1067 0.547453
0.106768 0.521892
0.106978 0.524459
0.107159 0.51579
0.107513 0.525335
0.107533 0.539671
0.107555 0.523226
0.108832 -0.275878
0.109321 0.532223
0.109599 0.506205
0.109707 0.472991
0.109763 -0.638
0.109791 0.54832
0.110144 0.510227
0.110455 0.535993
0.111168 0.529644
0.111214 0.533469
0.111691 -0.61893
0.111876 0.518282
0.111994 0.539143
0.112069 -0.634368
0.11217 0.540544
0.113844 0.570003
0.11393 0.543262
0.113945 0.534031
0.114605 0.533443
0.114715 0.636944
0.115075 0.533248
0.115163 0.544952
0.115339 0.534158
0.115972 0.533242
0.115983 0.51226
0.116611 0.522141
0.116743 0.541178
0.116787 0.536707
0.116915 1.24031
0.116952 0.326472
0.117256 -1.39989
0.118017 0.544358
0.118352 0.583099
0.118406 0.542089
0.119527 0.542172
0.121356 0.554951
0.12162 0.530457
0.122682 0.685092
0.122782 0.532831
0.123097 0.530997
0.123122 0.551994
0.123163 0.57521
0.123346 -0.620172
0.123394 -0.663216
0.123517 0.530423
0.123949 0.52938
0.12412 0.545192
0.124577 -0.226533
0.124615 0.531315
0.124993 0.541484
0.125444 0.544907
0.125867 -0.608497
0.126297 0.545178
0.126415 0.54675
0.127335 0.529978
0.129866 0.56086
0.129899 -0.67087
0.129947 0.52531
0.131687 0.551341
0.137116 -0.538462
0.138139 -0.310833
0.140023 -0.596133
0.140535 -0.690402
0.142179 -0.194824
0.143381 -0.60502
0.145594 -0.739149
0.145951 -0.616369
0.146231 0.548874
0.148872 -0.620271
0.149211 -0.571068
0.149727 -0.627413
0.14977 -0.755581
0.150353 -0.624744
0.150594 -0.799825
0.154379 -0.209932
0.154504 -0.638422
0.154729 -0.638259
0.155205 0.114673
0.155912 -0.605024
0.156576 -0.64797
0.157741 0.523574
0.160502 -0.650716
0.1616 1.14489
0.163248 -0.628729
0.165211 -0.280868
0.165732 -0.614475
0.166105 -0.635864
0.167779 0.13824
0.16854 -0.634979
0.16914 0.527736
0.169507 -0.871701
0.169846 -0.285965
0.172027 0.503289
0.172257 -0.642944
0.173056 -0.632975
0.173118 -0.62356
0.174336 -0.628221
0.174412 0.160035
0.17508 -0.629097
0.17943 -0.894295
0.183336 1.46438
0.18487 0.498004
0.18577 0.489644
0.186978 -0.932158
0.187144 -0.655074
0.187218 0.469223
0.187262 0.520086
0.189854 -0.91051
0.192047 0.513105
0.192494 0.481091
0.193348 -0.673614
0.193497 0.413368
0.194127 0.515531
0.194662 0.503522
0.194977 0.476121
0.195069 0.319022
0.195363 0.536232
0.195601 0.509598
0.195681 0.517513
0.195729 0.517365
0.196126 0.469844
0.19626 0.478227
0.196638 0.499978
0.196677 0.4981
0.196808 -0.224623
0.198732 0.533851
0.198987 0.402934
0.199451 0.486782
0.199541 0.525533
0.199577 0.58353
0.199866 0.521422
0.200577 0.531699
0.200805 0.533613
0.201045 0.513296
0.201617 -0.620259
0.202181 0.512006
0.202247 0.436949
0.202588 0.53505
0.202614 0.483934
0.202973 0.483562
0.203139 0.46233
0.203277 0.495687
0.203647 -0.988746
0.204245 0.462632
0.204273 0.267913
0.204358 0.531374
0.205628 0.474449
0.205833 0.33618
0.206359 0.543302
0.206858 0.495776
0.206969 0.355654
0.207115 0.340228
0.207153 0.496983
0.207391 0.525549
0.207459 0.495748
0.207705 0.215623
0.208913 0.317554
0.208947 0.498125
0.209134 0.472879
0.209186 0.472811
0.209665 0.423518
0.209809 0.453425
0.209831 0.484491
0.209845 0.484867
0.210136 0.528873
0.210326 0.365123
0.210445 0.478333
0.210455 0.450114
0.211197 0.45838
0.211247 0.452717
0.211506 0.455569
0.211667 0.493817
0.212178 0.271886
0.212429 0.516651
0.212774 0.484854
0.213129 0.463238
0.213532 0.357048
0.214127 0.452335
0.214223 0.49999
0.214335 0.33974
0.215157 0.49654
0.215605 0.337885
0.216138 0.33069
0.216423 0.302562
0.216859 0.382153
0.217126 -1.0755
0.217292 0.354639
0.217863 0.502269
0.218111 0.362896
0.21819 -0.30438
0.218337 0.362798
0.218652 0.282325
0.219282 0.337026
0.219288 0.361052
0.219357 0.345353
0.219373 0.333812
0.219373 0.313459
0.219479 0.426376
0.220069 0.499944
0.220297 0.46781
0.220655 0.352813
0.220662 0.368641
0.220702 0.368693
0.220747 0.386715
0.22083 0.363268
0.220863 0.466594
0.220883 0.390015
0.221022 0.307573
0.221042 0.36894
0.221293 0.325604
0.22151 0.380795
0.221521 0.33963
0.221633 0.423602
0.221661 0.321446
0.221692 0.326022
0.221859 0.31677
0.221875 0.401304
0.221938 0.33498
0.222016 0.39025
0.22205 0.366881
0.2221 0.37064
0.222133 0.333359
0.222193 0.342154
0.22223 0.361185
0.222487 0.349947
0.222567 0.369724
0.222601 0.367503
0.2227 0.37143
0.222755 0.365046
0.222798 0.369673
0.222853 0.315836
0.222953 0.372465
0.223063 0.374031
0.223077 0.364867
0.223146 0.374709
0.2232 0.346084
0.223203 0.372198
0.223301 0.373183
0.223492 0.282847
0.223641 0.35824
0.22368 0.340698
0.223765 0.405373
0.223788 0.341981
0.223842 0.391981
0.223869 0.298367
0.223961 0.344075
0.223989 0.338722
0.22402 0.351354
0.224028 0.373926
0.224045 0.286198
0.224065 0.34602
0.224066 0.294113
0.224079 0.285928
0.224087 0.353402
0.224147 0.262125
0.224185 0.392266
0.224194 0.301606
0.224288 0.374116
0.224296 0.374649
0.224299 0.339605
0.2243 0.304195
0.22431 0.375872
0.224329 0.311076
0.224346 0.347375
0.224389 0.374797
0.224392 0.374557
0.224408 0.285948
0.22457 0.373482
0.224654 0.376247
0.224726 0.339245
0.22473 0.279747
0.224792 0.338464
0.22493 0.375964
0.224962 0.331726
0.22499 0.313601
0.225019 0.312575
0.225081 0.325249
0.225185 0.372702
0.225217 0.299677
0.225218 0.350016
0.225282 0.369583
0.225304 0.342034
0.225385 0.375418
0.225408 0.369888
0.225456 0.323955
0.225518 0.35827
0.225532 0.260284
0.22557 0.376941
0.2256 0.3615
0.225615 0.340924
0.22564 0.3744
0.225767 0.321548
0.225858 0.297706
0.225867 0.378084
0.22588 0.317958
0.22595 0.282002
0.225957 0.367041
0.22598 0.309212
0.226085 0.29307
0.226092 0.293535
0.226149 0.378481
0.226151 0.315615
0.226164 0.317819
0.226179 0.348219
0.226335 0.330106
0.226413 0.294403
0.226444 0.300193
0.226523 0.320053
0.226553 0.314546
0.226558 0.325552
0.226566 0.321543
0.226614 0.325382
0.226719 0.37746
0.226805 0.355481
0.226969 0.345091
0.227005 0.364421
0.227168 0.380527
0.227168 0.445136
0.227225 0.269711
0.227228 0.398355
0.22725 0.298774
0.227259 0.296223
0.227304 0.283875
0.227357 0.355753
0.227379 0.352108
0.227401 0.309602
0.227405 0.32387
0.227406 0.170799
0.227425 0.337592
0.227436 0.322597
0.227506 0.293017
0.227507 0.360713
0.227583 0.292264
0.227633 0.26928
0.227662 0.334989
0.227682 0.364835
0.227806 0.325586
0.22782 0.32542
0.227854 0.268969
0.228071 0.358016
0.228108 0.319462
0.228199 0.362863
0.228265 0.324766
0.228327 0.29032
0.228364 0.285716
0.228386 0.35228
0.228483 0.298545
0.228552 0.300378
0.228575 0.319932
0.228586 0.327553
0.228591 0.319221
0.22865 0.298239
0.228655 0.382113
0.228748 0.28069
0.228812 0.279579
0.228873 0.308447
0.228903 0.299913
0.228948 0.28252
0.228968 0.323727
0.229022 0.367176
0.229047 0.304642
0.229118 0.272536
0.229202 0.292911
0.229207 0.355257
0.229218 0.299583
0.229275 0.328516
0.229314 0.296879
0.229332 0.299352
0.229351 0.369345
0.229354 0.308239
0.229355 0.317546
0.229423 0.299655
0.229448 0.255831
0.229464 0.310708
0.229501 0.286339
0.229572 0.265976
0.229604 0.279661
0.229605 0.26609
0.229638 0.291652
0.229712 0.300115
0.229744 0.288332
0.229761 0.299976
0.229814 0.292417
0.229814 0.33821
0.229845 0.271985
0.229859 0.284093
0.229909 0.485355
0.229916 0.312026
0.229916 0.382528
0.22994 0.391903
0.229959 0.287231
0.229973 0.266774
0.229986 0.35466
0.229998 0.265698
0.230076 0.327347
0.230116 0.288092
0.23017 0.28355
0.230327 0.276815
0.230337 0.274086
0.230362 0.306971
0.230425 0.26933
0.230445 0.319156
0.23045 0.366955
0.230472 0.335394
0.230494 0.446387
0.230629 0.281194
0.230719 0.275011
0.230722 0.317132
0.230723 0.269669
0.230762 0.297059
0.230771 0.320476
0.230838 0.386525
0.230866 0.381391
0.230878 0.412547
0.230921 0.301743
0.231038 0.385665
0.231069 0.265907
0.231076 0.344135
0.231088 0.270207
0.231132 0.32949
0.231144 0.288033
0.231172 0.297543
0.231204 0.285076
0.231215 0.303696
0.231235 0.368983
0.231303 0.268544
0.231307 0.325787
0.23134 0.286354
0.231347 0.295738
0.231426 0.293235
0.231462 0.276676
0.231468 0.275743
0.231534 0.276158
0.231662 0.289506
0.231729 0.290265
0.231777 0.269235
0.231789 0.287217
0.23181 0.262534
0.231816 0.268312
0.231833 0.297816
0.231879 0.369815
0.231907 0.277856
0.231908 0.274443
0.231995 0.269514
0.232027 0.248179
0.232146 0.268642
0.232262 0.267638
0.232377 0.270497
0.232401 0.290553
0.232411 0.278827
0.232422 0.269238
0.232446 0.277607
0.232458 0.408023
0.232465 0.27632
0.232475 0.291106
0.2325 0.267862
0.232522 0.297917
0.232552 0.280676
0.232647 0.255183
0.232721 0.249362
0.232723 0.284705
0.2328 0.317949
0.232809 0.270215
0.232867 0.269892
0.232869 0.269301
0.232911 0.268806
0.232942 0.226492
0.232946 0.341321
0.233002 0.288622
0.233065 0.307227
0.233186 0.28427
0.233239 0.367805
0.233261 0.286173
0.23336 0.40989
0.233417 0.277548
0.233495 0.253855
0.233506 0.270549
0.233568 0.297542
0.233571 0.269797
0.233606 0.257578
0.233629 0.272588
0.233667 0.28213
0.233705 0.286235
0.233751 0.283997
0.233781 0.273204
0.233858 0.320404
0.233873 0.272985
0.233948 0.25393
0.234073 0.270977
0.234077 0.271739
0.234084 0.270916
0.234103 0.271711
0.234122 0.255483
0.234153 0.273419
0.234176 0.258182
0.234256 0.279217
0.234279 0.273877
0.234338 0.273911
0.234415 0.306712
0.234439 0.254364
0.234446 0.27392
0.234492 0.259665
0.234673 0.271763
0.234697 0.294038
0.234734 0.272863
0.234997 0.256971
0.235079 0.270579
0.235426 0.274534
0.235496 0.222404
0.235668 0.349336
0.235683 0.372289
0.235766 0.28902
0.235783 0.216188
0.23589 0.302129
0.236292 0.256399
0.236315 0.259709
0.236319 0.209435
0.23641 0.198887
0.236415 0.288963
0.23648 0.20651
0.236602 0.201565
0.236605 0.211468
0.236877 0.201709
0.236916 0.204103
0.23725 0.207895
0.237304 0.203434
0.237314 0.199828
0.237383 0.25603
0.23739 0.200423
0.237502 0.207085
0.237533 0.276628
0.23759 0.236407
0.23767 0.203615
0.23773 0.201311
0.237755 0.379958
0.237762 0.20823
0.238005 0.258316
0.238141 0.189341
0.238215 0.207013
0.238221 0.286906
0.238228 0.200707
0.23835 0.202659
0.238391 0.299839
0.238416 0.207361
0.238433 0.208144
0.238523 0.213603
0.238533 0.204159
0.23867 0.20269
0.238755 0.202283
0.238761 0.211849
0.238782 0.202712
0.238796 0.201471
0.238846 -1.1321
0.238878 0.201617
0.238892 0.326111
0.2389 0.208458
0.239019 0.380895
0.239071 0.307963
0.239122 0.202385
0.239308 0.20139
0.239379 0.203147
0.23953 0.201834
0.239535 0.21835
0.239602 0.210678
0.239602 0.205488
0.239729 0.202932
0.239771 0.343317
0.239774 0.297713
0.239805 0.202817
0.240056 0.205785
0.240061 0.2058
0.240063 0.210291
0.240074 0.204309
0.240136 0.191765
0.240157 0.203991
0.240238 0.202565
0.240311 0.205076
0.240317 0.209933
0.240322 0.203702
0.240401 0.203304
0.24041 0.201084
0.240547 0.192637
0.240552 0.204419
0.240966 0.220851
0.24098 0.203383
0.240991 0.19292
0.240996 0.191026
0.241043 0.204252
0.24134 0.220986
0.241472 0.192738
0.241484 0.213441
0.241717 0.208003
0.241911 0.210519
0.241995 0.207426
0.242027 0.204202
0.242117 0.402405
0.242157 0.193281
0.242258 0.194084
0.242296 0.206971
0.242351 0.205049
0.242775 0.322949
0.243105 0.183289
0.243272 0.188216
0.243314 -0.232154
0.243887 0.195699
0.243905 0.209227
0.244066 0.188792
0.244496 0.196145
0.244562 0.389881
0.24474 0.294773
0.245216 0.352175
0.245934 0.195265
0.245954 0.193748
0.246364 0.382517
0.246456 0.205196
0.246737 0.193224
0.246747 0.188545
0.247026 0.192125
0.247168 0.203184
0.247226 0.192117
0.247381 0.206231
0.248022 0.198713
0.248033 0.394436
0.248129 0.203789
0.248314 0.193807
0.248481 0.192578
0.248533 0.19432
0.248536 0.320288
0.24861 0.19056
0.248734 0.19449
0.2488 5.17369
0.24893 0.196114
0.249359 0.194843
0.24942 0.192736
0.249496 0.205423
0.24964 0.192879
0.249833 0.182858
0.249993 0.191525
0.250007 0.197452
0.250165 0.413358
0.250302 0.189313
0.250501 0.194831
0.250894 0.196276
0.250978 0.196233
0.251196 0.196871
0.251233 0.19206
0.251327 0.193483
0.251547 0.197662
0.251569 0.195452
0.251786 0.201189
0.251821 0.194479
0.252283 0.197628
0.25285 0.361003
0.252989 0.196283
0.253016 0.198765
0.253718 0.198554
0.253753 0.191371
0.253894 0.199746
0.254023 0.183499
0.254059 0.199607
0.254196 0.198706
0.254519 0.200237
0.255023 0.200552
0.255239 0.196961
0.255345 0.197096
0.25541 0.193463
0.255698 0.201344
0.2557 0.203266
0.255806 0.201143
0.255943 0.201364
0.255988 0.200899
0.256277 0.141224
0.256311 0.20407
0.256584 0.201619
0.256634 0.204518
0.256716 0.204411
0.256728 0.187394
0.256882 0.203976
0.256899 0.186573
0.257275 0.393343
0.257302 0.396365
0.257307 0.205432
0.257516 0.202532
0.257546 0.204575
0.257734 0.198243
0.257734 0.195673
0.257826 0.205423
0.257851 0.185687
0.257866 0.198461
0.258073 0.188748
0.2585 0.197329
0.259338 0.189945
0.259378 0.189244
0.259481 0.189505
0.259794 0.189655
0.259838 0.415118
0.259972 0.198662
0.260637 0.197489
0.260834 0.190545
0.260852 0.191095
0.260892 0.199958
0.261544 0.189539
0.26168 0.197626
0.261844 0.191084
0.262367 0.196556
0.262597 0.187253
0.262941 0.202013
0.263234 0.199968
0.263499 0.19382
0.263534 0.199878
0.263596 0.191022
0.263634 0.193048
0.263842 0.187778
0.264185 0.191317
0.264421 0.192618
0.264983 0.193621
0.265277 0.40111
0.265315 0.410368
0.265358 0.190076
0.265996 0.193468
0.266017 0.19198
0.266022 0.191217
0.266079 0.194606
0.266329 -0.33633
0.266419 0.189831
0.266441 0.189924
0.266487 0.191256
0.2666 0.190504
0.266767 0.200741
0.266855 0.190113
0.266892 0.194198
0.266955 0.192362
0.267305 0.19667
0.267643 0.195259
0.267954 0.191913
0.268038 0.193618
0.268271 0.19434
0.268367 0.196227
0.26912 0.195283
0.269132 0.202023
0.269132 -1.36476
0.269153 0.193263
0.269765 0.193537
0.269833 0.19965
0.269915 0.194676
0.270395 0.196948
0.270852 0.194396
0.27096 0.195294
0.271223 0.196559
0.271411 0.196588
0.271469 0.406099
0.271837 0.196314
0.271893 0.199579
0.272157 0.196644
0.272401 0.201955
0.272407 -1.01201
0.27247 0.196101
0.272518 0.203635
0.273255 0.197087
0.273744 0.198875
0.273858 0.203178
0.275047 0.198077
0.276024 0.204475
0.276272 0.216902
0.276467 0.205419
0.276798 0.200821
0.277179 0.208289
0.27734 0.20197
0.277673 0.207458
0.277816 -0.0293239
0.277944 0.202791
0.279525 0.206945
0.2798 0.209852
0.279958 0.208848
0.280221 0.208836
0.280373 0.211601
0.281189 0.209474
0.281689 0.211082
0.282328 0.211385
0.282367 0.209836
0.282371 0.209501
0.282501 0.211653
0.283112 0.220412
0.284442 -1.33976
0.28532 -1.32531
0.286096 0.213511
0.286327 -0.285379
0.28756 0.202456
0.288089 -1.03501
0.288522 0.202547
0.289807 0.205058
0.290075 0.209051
0.290696 0.222247
0.291059 0.210875
0.291344 0.210819
0.291552 0.207519
0.291817 0.211415
0.29196 1.57468
0.292049 0.207821
0.29243 0.211614
0.293198 0.213052
0.293487 0.209627
0.293545 0.208035
0.293616 0.210446
0.293685 0.212693
0.294187 0.213356
0.294555 0.210108
0.294817 0.214431
0.296373 0.209948
0.29713 -0.29977
0.297765 -0.295472
0.297976 0.216627
0.298932 0.212034
0.300117 -0.413847
0.301289 -0.229977
0.302784 0.449306
0.312167 0.227445
0.31235 -0.380551
0.3171 0.235538
0.317397 -0.202965
0.320024 -1.46874
0.322488 0.201026
0.326406 -0.0799571
0.328427 0.20833
0.329242 -0.447922
0.330008 0.205595
0.330411 -0.29773
0.331006 -0.104223
0.331815 0.207289
0.333323 -0.0755583
0.333619 0.247417
0.334452 -1.13695
0.337073 -0.079004
0.337161 -0.427811
0.340347 0.233693
0.345669 0.192948
0.34728 0.192641
0.349442 0.211313
0.352486 -0.441454
0.352632 0.197609
0.355228 -0.389176
0.355781 0.216957
0.356537 0.209955
0.358072 0.249618
0.359071 0.207259
0.361276 -0.151799
0.362366 0.215
0.36367 -0.32011
0.364022 0.262441
0.364033 0.216363
0.3641 0.212156
0.364397 0.201575
0.364582 0.210895
0.364942 0.211907
0.365844 0.222295
0.366452 0.214529
0.36657 0.228395
0.370053 0.206199
0.370593 0.222274
0.370599 -0.272136
0.370676 0.216633
0.372209 -0.0661984
0.372392 0.216966
0.372409 0.213931
0.372743 0.56541
0.373117 0.218271
0.373327 0.208955
0.373606 -0.317336
0.374368 0.208282
0.375367 0.211981
0.376179 -0.103575
0.376424 0.213211
0.377966 0.213471
0.37802 0.275523
0.379176 0.214661
0.379309 -0.26492
0.382175 0.21593
0.383678 0.212866
0.384463 0.215531
0.384533 0.218877
0.385242 0.272861
0.38594 -0.120535
0.386347 -0.307503
0.387831 -0.285214
0.387851 -0.450054
0.39088 0.226873
0.392105 -0.419779
0.393835 0.230706
0.394807 -0.325195
0.401543 0.218483
0.401788 0.296594
0.402964 0.220804
0.403518 -0.11565
0.405335 0.240226
0.40685 -0.439889
0.407247 -0.117598
0.407435 -0.121397
0.407976 0.227261
0.40992 0.211734
0.409926 0.243667
0.411358 0.24284
0.412515 -0.438126
0.412963 -0.431474
0.413167 -0.11209
0.413198 0.21942
0.413282 0.146967
0.413739 0.0446201
0.414401 0.241246
0.414724 0.215091
0.415633 0.24296
0.415823 0.244759
0.415979 -0.0571435
0.416013 0.221352
0.416268 -0.440512
0.4165 -0.871481
0.41666 0.153468
0.416673 0.247935
0.416715 0.247999
0.417041 0.243274
0.417173 -0.192389
0.417194 0.221748
0.417232 0.249872
0.417434 0.222671
0.417941 -0.101654
0.418468 0.233903
0.41864 0.250383
0.418733 0.246028
0.418821 -0.384565
0.419065 -0.400711
0.419114 0.247607
0.419161 0.25021
0.419423 0.24843
0.41961 -0.448762
0.419662 0.249014
0.42006 0.210375
0.420083 0.250727
0.420091 0.0502096
0.420175 0.249702
0.420574 0.248562
0.420615 0.229034
0.420642 0.247107
0.420667 0.220705
0.420799 0.223397
0.421209 -0.354918
0.421262 0.246874
0.421892 0.24744
0.421936 0.222417
0.421964 0.226744
0.422022 -0.01457
0.422083 0.211768
0.422202 0.25509
0.422289 0.223422
0.422472 -0.0920586
0.422676 0.22412
0.422826 0.226976
0.422835 0.249316
0.423164 0.253273
0.423794 0.22436
0.423875 0.212727
0.423891 0.249724
0.423895 0.0867154
0.423946 0.253905
0.424377 0.251961
0.424536 0.232541
0.42462 0.223125
0.424827 0.219649
0.424932 0.232984
0.425121 0.223941
0.425283 0.249686
0.425568 0.233783
0.425632 0.229639
0.425745 0.232653
0.426439 0.220659
0.42652 0.229556
0.426746 0.253426
0.426759 0.174769
0.426958 0.229032
0.427065 -0.410758
0.427175 0.221037
0.427652 0.162706
0.427834 0.216198
0.428198 -0.297959
0.428254 0.259667
0.428295 -0.198451
0.428715 0.304639
0.42877 0.161935
0.428833 0.229719
0.428933 0.222131
0.42915 0.215994
0.429352 -0.086759
0.429356 0.225017
0.429555 0.261804
0.4297 0.215858
0.429747 0.22278
0.42981 0.227695
0.429913 0.257102
0.430195 0.225623
0.430911 0.216582
0.430952 -0.239149
0.43123 0.246645
0.431305 0.224221
0.431398 0.226693
0.431497 0.216494
0.431707 0.219327
0.431952 0.226506
0.432039 0.227568
0.432107 0.216749
0.4322 0.216463
0.432525 -0.416688
0.432802 0.217484
0.432938 0.225926
0.433204 0.218909
0.433421 0.217369
0.43349 0.226332
0.433746 0.223561
0.433821 -0.0752408
0.433983 0.225546
0.434009 0.21959
0.434194 0.217845
0.43421 -0.0573188
0.434327 -0.376797
0.434374 0.228452
0.434434 0.26421
0.434563 0.227525
0.434719 0.218514
0.434791 0.218772
0.434927 0.225674
0.434957 0.229183
0.434962 0.220642
0.435088 0.219477
0.435122 0.225062
0.435126 0.175914
0.435192 -0.147994
0.435371 -0.336661
0.435537 -0.0413625
0.43559 0.188169
0.435762 0.218551
0.435766 0.22676
0.435886 0.137859
0.435926 0.187379
0.435944 0.22381
0.436025 0.228798
0.436134 0.228809
0.436356 0.221133
0.436576 0.22071
0.436651 0.225523
0.436712 -0.082703
0.436748 0.221554
0.436784 -0.33755
0.436786 -0.523112
0.437013 -0.442355
0.437031 0.220108
0.437032 -0.209999
0.437171 0.21947
0.437464 -0.0742184
0.43758 0.169406
0.437606 0.1583
0.437927 0.221153
0.43797 0.188444
0.438332 0.219851
0.438423 0.220766
0.438436 0.181547
0.438521 0.22805
0.438541 0.22414
0.438812 -0.191784
0.438907 -0.47183
0.43892 0.224449
0.43895 0.189846
0.439014 0.270064
0.43938 0.177381
0.439496 -0.122621
0.439537 0.179482
0.439553 0.222903
0.439669 -0.187127
0.439736 0.21918
0.4398 -0.56411
0.439912 0.223334
0.440064 0.189148
0.440188 0.223115
0.440579 -0.138737
0.440796 0.224221
0.440862 0.221829
0.441033 -0.332832
0.441154 0.224256
0.441206 0.219467
0.441215 -0.172997
0.441449 0.184725
0.441748 0.220382
0.442076 -0.20196
0.442125 0.223346
0.442458 0.224063
0.442562 0.224189
0.442687 0.259757
0.442726 0.167522
0.442856 0.0963587
0.442869 0.179201
0.443124 0.131226
0.443277 -0.0100617
0.443322 0.225276
0.44336 0.201477
0.443366 -0.13813
0.44366 -0.417807
0.44368 0.169285
0.443811 0.162796
0.443832 0.222928
0.443886 0.155658
0.443907 0.0514891
0.443916 -0.353124
0.44398 0.164968
0.444091 0.168979
0.444352 0.227898
0.444493 -0.133862
0.44468 0.180835
0.444757 0.180882
0.444781 0.190866
0.444883 0.227612
0.445073 0.167108
0.445113 0.181258
0.44523 0.193956
0.445305 0.182802
0.445538 0.173712
0.445539 0.182552
0.445636 0.0401721
0.445818 0.227394
0.446383 0.216696
0.446544 0.157821
0.446795 0.164357
0.446807 -0.103815
0.446867 0.107517
0.44696 0.216635
0.447102 0.232368
0.447198 0.14695
0.447615 0.170961
0.447664 0.192278
0.447692 0.217228
0.448077 0.191519
0.448126 -0.241212
0.448139 0.271673
0.448154 0.225598
0.448293 0.226865
0.448433 -0.192525
0.448631 0.182891
0.448789 -0.232715
0.448948 0.188303
0.449125 0.182473
0.449234 -0.058292
0.44927 0.243921
0.449551 0.183789
0.449603 0.188168
0.449671 0.157155
0.449912 0.158921
0.44994 0.22865
0.44998 -0.338463
0.450399 0.180638
0.450583 0.229557
0.45091 0.228851
0.451447 0.181157
0.451477 0.311006
0.451512 0.046237
0.451542 0.17001
0.451739 0.19496
0.45175 0.22876
0.451766 0.107728
0.451979 0.121546
0.452076 -0.128871
0.452237 0.195039
0.452302 -0.200283
0.452347 0.193376
0.45236 0.137024
0.452473 0.185824
0.452482 -0.127026
0.452553 0.230742
0.452613 0.116149
0.452639 0.195426
0.452657 0.140467
0.452719 0.234234
0.452856 -0.651826
0.453017 0.186216
0.453232 0.214321
0.453237 -0.195179
0.453272 0.0760909
0.45339 -0.204444
0.453624 -0.0378122
0.453707 -0.0578354
0.453805 -0.144632
0.453907 0.193621
0.454004 0.194002
0.454146 5.33465
0.454235 -0.342773
0.454251 -0.191505
0.454257 0.16689
0.454273 0.110134
0.454276 0.276446
0.454306 -0.0563968
0.454483 0.163915
0.454487 -0.301255
0.454614 -0.230877
0.454614 0.128449
0.454646 0.0116534
0.454788 -0.33314
0.454839 0.108387
0.454957 0.166546
0.455 0.0763117
0.455091 -0.223914
0.455271 0.0583318
0.455314 0.148136
0.455378 -0.126152
0.455409 -0.129079
0.455431 0.184453
0.455485 -0.301787
0.455528 0.173721
0.455691 0.130668
0.455711 -0.0559071
0.455783 -0.221171
0.455798 0.15838
0.455811 0.0913237
0.455849 0.0909824
0.455918 0.288012
0.456105 0.0483401
0.456292 -0.457166
0.456759 0.10523
0.456924 0.0965378
0.457076 0.143647
0.457137 -0.247309
0.45722 0.05396
0.457353 0.0960589
0.45742 0.0667354
0.457422 0.0515183
0.457493 -0.496823
0.457552 -0.560173
0.457557 -0.0584199
0.457715 -0.0743911
0.457745 0.159963
0.457819 -0.301885
0.458263 0.14987
0.458335 0.0921877
0.458399 -0.309156
0.458768 -0.339069
0.458943 -0.196538
0.459031 -0.00854524
0.459178 -0.185596
0.459263 0.0667594
0.459454 -0.203924
0.459566 0.0667714
0.459567 0.0549272
0.459577 0.0919232
0.459607 -0.058829
0.459623 0.0484169
0.459638 0.142669
0.459761 0.197424
0.459863 -0.300813
0.459887 -0.221963
0.460034 0.164458
0.460049 -0.227226
0.460122 -0.257795
0.46041 0.199092
0.460677 0.049414
0.460701 -0.055664
0.460764 -0.416946
0.460799 0.00056865
0.460813 0.119583
0.46084 -0.168872
0.460864 -0.223036
0.460865 -0.345429
0.461129 0.068826
0.461417 -0.227675
0.461463 0.110722
0.461729 -0.599813
0.461763 0.050855
0.461976 0.113281
0.462062 0.217105
0.462162 -0.367595
0.462196 0.0922948
0.462215 -0.0570108
0.462269 -0.0223966
0.462296 0.237475
0.462372 0.0601137
0.462409 0.0582541
0.46244 -0.242565
0.46255 -0.18024
0.462564 -0.180347
0.462643 -0.0520303
0.462702 -0.222657
0.462786 -0.130927
0.462958 0.0430291
0.462968 -0.227513
0.462973 0.067201
0.46309 -0.035598
0.463142 -0.228488
0.46329 0.221684
0.463429 0.165339
0.463492 -0.188877
0.463573 -0.225224
0.463754 -0.107096
0.463868 -0.054899
0.463895 -0.204276
0.464017 -0.660766
0.464104 -0.203787
0.464269 -0.516284
0.464276 0.153275
0.464297 -0.247593
0.464325 -0.253549
0.464369 -0.37028
0.464449 -0.0777267
0.464453 0.211022
0.464467 -0.57158
0.464468 0.0588874
0.464575 -0.0580378
0.464579 -0.193091
0.464602 -0.206471
0.464709 -0.365739
0.464949 -0.508133
0.464952 -0.0447097
0.464962 0.0571777
0.465151 0.0218434
0.465204 -0.110117
0.465304 0.0498741
0.465306 -0.108989
0.465363 -0.205952
0.465492 -0.105982
0.465679 0.0500885
0.465781 0.236133
0.465785 -0.189202
0.465826 -0.106599
0.465881 0.0567448
0.465894 -0.214097
0.465916 -0.208061
0.465932 -0.250868
0.466205 -0.328487
0.466209 -0.228479
0.466238 -0.216671
0.466264 -0.0605291
0.466271 0.0686389
0.466297 -0.198198
0.466329 0.0934602
0.46644 -0.0569509
0.466525 0.0445327
0.466601 0.0591985
0.466683 -0.1095
0.466796 -0.226049
0.466835 -0.228465
0.466852 0.0221709
0.467069 -0.337138
0.46707 0.0515436
0.467077 -0.408651
0.467134 -0.209697
0.467165 -0.220223
0.467516 -0.0588059
0.467586 0.0588466
0.46767 -0.102928
0.467703 -0.0471832
0.467805 0.325678
0.467905 -0.229199
0.467929 -0.349233
0.468023 -0.100957
0.468241 0.166884
0.468274 -0.226454
0.468331 -0.185972
0.468385 -0.0744023
0.468601 0.019983
0.468688 0.0472255
0.468722 0.0395866
0.468941 -0.514855
0.469174 -0.226674
0.469193 -0.126751
0.469216 -0.0587864
0.469254 -0.471498
0.469263 0.00578586
0.469273 0.0522497
0.469275 -0.227407
0.469598 -0.0204837
0.469782 -0.299263
0.469887 -0.227763
0.4699 -0.444118
0.470324 -0.207557
0.470347 -0.326694
0.470507 -0.134374
0.470516 -0.107065
0.470588 -0.129185
0.470698 -0.0613902
0.470706 -0.250604
0.470742 0.06157
0.47075 -0.519461
0.47076 0.0612801
0.470939 -0.152996
0.471005 -0.230202
0.47101 -0.0822374
0.471037 -0.302725
0.471098 0.0210486
0.471194 0.0369501
0.471406 -0.0481735
0.471442 -0.223186
0.471683 -0.129976
0.471706 0.054502
0.471748 0.1922
0.471884 0.170064
0.471898 0.0496531
0.471941 -0.00587045
0.471947 0.0335505
0.472179 -0.0540139
0.47225 -0.0215955
0.472298 -0.190466
0.472348 -0.209265
0.472349 -0.156573
0.472361 -0.39713
0.472409 -0.0625851
0.472412 -0.0450414
0.472485 -0.0578838
0.47256 -0.227847
0.472645 -0.210863
0.472686 -0.0769933
0.473089 -0.254511
0.4731 -0.0441338
0.473124 -0.211364
0.473136 -0.253138
0.473142 -0.395183
0.473179 -0.233861
0.473265 0.010256
0.473454 -0.401537
0.473538 -0.479288
0.473586 -0.0495576
0.473623 -0.0577794
0.473724 -0.0769634
0.473803 -0.349279
0.473923 -0.249255
0.474243 -0.0207246
0.474287 -0.395599
0.474303 -0.0448996
0.47434 -0.200352
0.474393 -0.230674
0.474422 -0.211859
0.474523 -0.0580947
0.474709 0.125153
0.47492 -0.0613884
0.475007 -0.044429
0.475009 -0.54069
0.475409 -0.0578673
0.475464 -0.021526
0.475514 -0.0459166
0.475616 0.0570697
0.475823 -0.251285
0.475972 -0.0579278
0.476032 -0.160829
0.476038 -0.0459921
0.476185 -0.258388
0.476196 0.0588504
0.476385 -0.0459874
0.476427 -0.0440468
0.476654 -0.230083
0.476655 -0.102752
0.476711 -0.0578221
0.476773 -0.246864
0.476822 -0.250451
0.476938 -0.209514
0.477035 -0.224193
0.477053 -0.0461035
0.477264 -0.31075
0.477282 -0.251478
0.477486 -0.0594759
0.477534 -0.058076
0.477729 -0.243392
0.477842 -0.146234
0.477894 -0.227791
0.477895 -0.229025
0.477912 -0.0580731
0.478001 -0.240192
0.478003 -0.229587
0.478043 -0.100999
0.478116 -0.0576623
0.47815 0.00976316
0.47822 -0.0479432
0.478367 -0.211228
0.478378 -0.407924
0.478382 -0.0442569
0.478388 -0.244935
0.478422 -0.498216
0.478574 -0.0527224
0.478577 -0.0440765
0.478602 -0.065858
0.478704 -0.0743899
0.478705 -0.0522012
0.47871 0.114696
0.47876 -0.102832
0.478847 -0.242425
0.478893 -0.0614409
0.47892 -0.277081
0.478949 -0.0578939
0.479037 -0.381237
0.479037 -0.0438248
0.479108 -0.355881
0.479239 0.0314022
0.479278 0.0735545
0.479324 0.0528739
0.479486 -0.524239
0.47949 -0.224598
0.479496 -0.251683
0.479508 -0.215063
0.479515 -0.0568745
0.479691 -0.414024
0.479762 -0.348095
0.47994 -0.410223
0.480069 0.0593986
0.480077 -0.229033
0.48021 -0.409073
0.480238 -0.0219792
0.480253 -0.327431
0.480309 -0.252794
0.480421 -0.112315
0.48052 -0.266044
0.480605 -0.259478
0.480623 -0.305217
0.480636 -0.0439224
0.480768 -0.160004
0.480773 -0.30684
0.480833 -0.0576044
0.480845 -0.240849
0.480875 -0.239565
0.480953 -0.369349
0.480984 -0.405539
0.481246 -0.0208198
0.481297 -0.209771
0.481329 -0.533753
0.481382 -0.251004
0.481609 -0.15221
0.481711 -0.250293
0.48175 -0.309906
0.481905 0.00385259
0.481924 -0.10531
0.481925 -0.304641
0.481954 -0.260845
0.481974 -0.323873
0.482045 -0.311785
0.482108 -0.257989
0.482184 -0.327267
0.482373 -0.304302
0.482381 -0.215456
0.482388 -0.119065
0.482434 -0.229782
0.482771 -0.054028
0.482779 -0.254108
0.48289 -0.304908
0.483013 -0.340897
0.483073 -0.226403
0.48321 -0.257338
0.483225 -0.0218284
0.483399 -0.308497
0.483599 -0.253817
0.483623 -0.306059
0.483749 -0.110454
0.483808 -0.307573
0.483864 -0.043828
0.483881 -0.343831
0.484027 0.0800052
0.484057 -0.362461
0.484082 -0.255059
0.48409 0.101343
0.484154 -0.0207424
0.484221 -0.40821
0.484294 -0.231031
0.484591 -0.24026
0.484599 -0.258292
0.484616 -0.115816
0.484761 -0.177524
0.48483 0.0617888
0.484865 -0.0791034
0.484888 -0.425255
0.484917 -0.0600656
0.485024 -0.377492
0.485033 -0.214241
0.485041 -0.021283
0.485061 -0.0210949
0.485218 -0.259525
0.485357 -0.261751
0.485392 0.322268
0.485459 -0.306197
0.48553 -0.307474
0.485592 -0.245802
0.48572 -0.0470933
0.485726 -0.0626984
0.485796 -0.360281
0.485813 -0.356149
0.485909 -0.254855
0.485949 -0.265541
0.485976 0.0535804
0.486132 -0.358579
0.486236 -0.148793
0.486259 -0.253863
0.486359 0.0871854
0.486403 -0.235543
0.48641 -0.371857
0.486417 -0.241187
0.486581 -0.0947293
0.486606 -0.226613
0.486704 -0.357562
0.486802 -0.361062
0.486836 -0.255768
0.486887 -0.310754
0.486961 -0.226064
0.48704 -0.0581125
0.487288 -0.382253
0.487301 -0.302356
0.487389 0.00701416
0.487526 -0.0581199
0.487598 -2.15045
0.487724 -0.405369
0.487771 -0.238577
0.487926 -0.316711
0.487982 -0.309569
0.488032 -0.270992
0.488142 -0.370394
0.488196 -0.107789
0.488224 -0.528556
0.488741 -0.0570944
0.488767 -0.208559
0.488837 -0.149046
0.488907 -0.387655
0.488985 -0.414937
0.489013 -0.451207
0.489014 0.0606188
0.489047 -0.404171
0.489098 -0.00672835
0.489126 -0.319171
0.489142 -0.537557
0.489182 -0.316371
0.489259 -0.115291
0.489335 -0.097565
0.489406 -0.174642
0.489507 -0.0468318
0.48953 -0.322087
0.489656 -0.36149
0.489661 -0.413207
0.489731 -0.409272
0.489759 -0.0925178
0.489874 -0.25681
0.48988 -0.344838
0.490035 -0.363984
0.490217 -0.241165
0.49048 -0.361364
0.490583 -0.334645
0.490651 -0.0587161
0.490683 -0.418617
0.49075 -0.363106
0.490767 -0.361725
0.490866 -0.258386
0.490903 -0.249119
0.490939 -0.214742
0.491011 -0.383155
0.491415 -0.362682
0.491435 -0.265199
0.491528 0.0574702
0.49157 -0.246604
0.491572 -0.419122
0.491574 -0.260685
0.491721 -0.377424
0.491831 -0.203082
0.491835 -0.352254
0.491893 -0.242265
0.491897 0.0908407
0.491914 -0.20835
0.491999 -0.146458
0.492069 -0.0579286
0.492096 0.347608
0.492263 -0.304559
0.492286 -0.387812
0.492398 -0.0473753
0.49262 -0.32026
0.492712 -0.383654
0.492715 -0.25813
0.492845 -0.415688
0.49287 -0.407591
0.493133 -0.418399
0.493469 -0.249245
0.493698 -0.364043
0.493746 -0.423475
0.493772 -0.389018
0.493819 -0.365025
0.493841 -0.256698
0.493973 -0.415467
0.494483 -0.0440648
0.494681 -0.257527
0.494803 -0.544852
0.494834 -0.415156
0.494848 -0.0888741
0.494984 -0.311131
0.495093 -0.41558
0.495108 -0.00848353
0.495115 -0.366274
0.495351 -0.308539
0.495436 -0.128053
0.495473 -0.415912
0.495481 -0.256252
0.49556 -0.317342
0.495938 -0.343964
0.496119 -0.560886
0.496297 -0.421937
0.497235 0.121601
0.497318 -0.420327
0.497423 -0.313374
0.497486 -0.421126
0.49754 -0.0816143
0.497861 -0.367332
0.497888 -0.266367
0.498019 -0.177927
0.498169 -0.409447
0.498233 -0.422308
0.498783 -0.414862
0.498841 -0.547898
0.499076 -0.363234
0.499118 -0.42258
0.499299 -0.0960542
0.499355 -0.418294
0.499451 -0.361653
0.49992 -0.366215
0.50021 -0.424231
0.500293 -0.29758
0.50062 -0.178292
0.500677 -0.418868
0.500814 -0.415345
0.500891 -0.42432
0.501696 -0.621398
0.502094 -0.23902
0.502126 -0.421543
0.502269 -0.424374
0.50229 -0.426294
0.502497 -0.415824
0.502511 0.33837
0.502672 -0.421452
0.50279 -0.422742
0.502883 -0.425711
0.502939 -0.421652
0.503003 -0.424273
0.503219 -0.367633
0.50335 -0.384749
0.50341 -0.150529
0.503463 -0.244154
0.503906 -0.42425
0.503986 -0.421964
0.50414 -0.369549
0.50422 -0.427865
0.504291 -0.657265
0.504456 0.113776
0.504543 -0.424874
0.505124 0.350885
0.505593 -0.511188
0.505623 -0.648525
0.505679 0.363808
0.505831 -0.312183
0.506171 -0.651851
0.50628 -0.0655149
0.506287 -0.366339
0.506317 -0.42112
0.507162 0.347585
0.507919 -0.424435
0.508133 -0.415944
0.508142 -0.220487
0.508293 -0.41271
0.508939 -0.337046
0.509213 -0.438714
0.509293 -0.23008
0.509387 -0.428963
0.509405 -0.357919
0.50941 -0.373851
0.509516 -0.43001
0.50952 -0.372663
0.509585 -0.364212
0.509992 -0.407556
0.509998 -0.371793
0.510646 -0.414791
0.51095 -0.580476
0.511163 -0.0580262
0.511453 -0.430648
0.511578 -0.42769
0.512074 -0.0433973
0.512634 -0.456855
0.512865 -0.620677
0.513196 -0.529259
0.513749 -0.31723
0.513787 -0.554276
0.513804 -0.161756
0.514476 -0.506713
0.514627 -0.108505
0.515437 -0.435788
0.515763 -0.442641
0.516559 -0.401093
0.516567 -0.53219
0.516921 -0.57854
0.517078 -0.177589
0.517192 -0.526652
0.517698 -0.435399
0.51821 -0.566372
0.518827 -0.383737
0.519039 -0.435079
0.519233 -0.350588
0.519402 -0.471404
0.520428 -0.366644
0.520718 -0.475644
0.521166 -0.295025
0.522202 -0.570508
0.522283 -0.422295
0.522297 -0.354952
0.522504 -0.66839
0.5233 -0.588936
0.523434 -0.426273
0.523477 -0.669704
0.523606 -0.566642
0.524379 -0.539807
0.525427 -0.366945
0.525587 -0.539365
0.52569 -0.19468
0.526357 -0.539572
0.526423 -0.439936
0.52647 -0.374877
0.526865 -0.574932
0.527117 -0.33009
0.527754 -0.575617
0.528019 -0.329158
0.528326 -0.36101
0.528437 -0.321314
0.529455 -0.544889
0.529713 -0.405582
0.531425 -0.516687
0.53207 -0.44421
0.532075 -0.476721
0.53352 -0.58809
0.533848 -0.576682
0.534744 -0.517737
0.534929 -0.263735
0.535457 -0.594804
0.535722 -0.582487
0.535789 -0.550057
0.541088 -0.337254
0.542658 -0.0900781
0.54271 -0.555098
0.543276 -0.171344
0.543373 -0.4526
0.543424 -0.590775
0.546277 -0.037347
0.547862 0.0572134
0.548606 -0.188541
0.54889 -0.261208
0.549024 -0.361868
0.549657 -0.415213
0.549681 -0.562434
0.551953 0.405647
0.552008 -0.458649
0.552784 -0.166547
0.555368 -0.568477
0.555599 -0.574126
0.556369 -0.500482
0.56049 -0.474598
0.562131 -0.289462
0.566515 -0.80258
0.568129 -0.442598
0.570292 -0.618223
0.571104 -0.118614
0.571826 -0.353617
0.573164 -0.210002
0.573384 -0.0457615
0.573723 -0.363586
0.573981 0.437275
0.574816 0.410522
0.576372 0.440779
0.577214 0.440478
0.577391 0.41028
0.578548 -0.534043
0.579095 -0.613793
0.580276 -0.53977
0.580605 0.405562
0.582619 0.224862
0.583284 0.420811
0.583577 0.412115
0.583841 -0.628022
0.590142 -0.629744
0.592244 0.414376
0.594293 -0.554912
0.595906 -0.391886
0.596992 0.459225
0.598489 -0.603886
0.5994 -0.607523
0.600532 -0.618499
0.603099 -1.36159
0.60818 0.438941
0.620319 -0.663103
0.621879 -0.477525
0.624166 -0.720744
0.628798 -0.569183
0.633264 0.459674
0.641208 0.466263
0.644117 -0.662874
0.645021 0.489734
0.660151 -0.271074
0.669047 -0.844716
0.677051 -0.610268
0.692555 -0.653093
0.696731 0.523563
0.699169 0.535611
0.699941 -0.882748
0.702214 0.538361
0.721782 -0.776126
0.723128 0.558849
0.770671 0.561958
0.776705 0.587676
0.793029 -0.764876
0.795362 -1.09629
0.806447 -0.224754
0.822789 -0.958752
0.872515 -0.875834
0.907779 -0.187108
1.02359 -1.39861
1.33678 -1.48869
