-0.647069 1.80802
-0.610018 1.57002
-0.519661 1.48178
-0.512052 1.50413
-0.495301 1.23772
-0.438921 1.61832
-0.421963 1.03037
-0.4182 1.03865
-0.41344 1.02745
-0.406923 1.01657
-0.404204 1.00866
-0.390364 1.01511
-0.385548 1.01475
-0.385487 1.00468
-0.384456 1.00464
-0.38346 1.0005
-0.381729 0.997613
-0.381376 1.00669
-0.380187 1.10072
-0.379767 1.00239
-0.378624 0.993174
-0.369649 1.21822
-0.367503 1.03832
-0.364988 1.1195
-0.354204 1.08513
-0.351015 0.982002
-0.34667 0.892655
-0.340743 0.96738
-0.333587 0.988443
-0.33274 1.02497
-0.33048 1.04849
-0.328631 0.992873
-0.328371 1.01431
-0.32757 1.05546
-0.324082 1.01394
-0.323661 1.01502
-0.323023 0.993488
-0.322606 1.02859
-0.319166 1.04273
-0.317784 0.984033
-0.316388 0.992752
-0.316087 1.0135
-0.316036 1.01307
-0.31506 0.95199
-0.314101 1.01069
-0.314043 1.00241
-0.313099 1.03377
-0.312895 1.03716
-0.312461 1.00624
-0.312359 1.00926
-0.310221 0.987375
-0.310109 1.04808
-0.309378 1.03024
-0.30872 0.994137
-0.308623 1.00466
-0.308029 0.980845
-0.307683 0.978656
-0.307661 0.990487
-0.306709 0.974037
-0.306571 1.02358
-0.306115 1.01754
-0.305908 1.00064
-0.305194 0.998354
-0.305136 1.0165
-0.304679 1.01824
-0.304032 0.997549
-0.303513 0.992018
-0.303493 0.993205
-0.302593 0.979844
-0.302558 0.991998
-0.302554 1.00531
-0.301984 0.971153
-0.301855 0.950383
-0.301642 0.98856
-0.301614 0.999891
-0.301466 0.988098
-0.301413 0.991783
-0.301406 0.983845
-0.300932 0.989119
-0.300903 0.990403
-0.300635 0.987094
-0.300514 0.981703
-0.300341 0.985031
-0.299424 1.00074
-0.299398 1.00138
-0.299257 0.979911
-0.299096 0.995794
-0.298691 0.994254
-0.298623 0.998879
-0.298446 0.968838
-0.297649 1.00437
-0.296574 0.96064
-0.296303 0.978479
-0.29628 0.94269
-0.295313 0.989869
-0.294156 0.930021
-0.291717 0.973661
-0.291018 1.0218
-0.290276 0.952735
-0.290069 0.712126
-0.288872 0.97747
-0.288036 1.01394
-0.287619 0.986572
-0.286252 0.974779
-0.285836 0.704145
-0.283802 0.965526
-0.279758 0.961488
-0.279757 0.968705
-0.279591 0.982515
-0.276636 0.958874
-0.275618 0.906587
-0.274781 0.967066
-0.274601 0.926957
-0.273584 0.961394
-0.271251 0.995127
-0.26998 0.871709
-0.26242 0.973634
-0.257474 0.970901
-0.242796 0.990354
-0.242491 0.954504
-0.239824 0.98699
-0.237974 1.00729
-0.237914 0.981798
-0.235243 0.815793
-0.233453 1.1254
-0.231144 1.00595
-0.230579 0.771005
-0.222966 0.899305
-0.222696 0.905007
-0.220561 0.933763
-0.2172 0.902726
-0.215858 1.00799
-0.214745 0.979068
-0.214678 1.01849
-0.21427 0.832731
-0.213667 0.873804
-0.213388 0.879037
-0.212974 0.713265
-0.212653 0.971278
-0.21245 0.977
-0.211381 0.859321
-0.211248 0.964297
-0.210572 0.985142
-0.209926 0.882925
-0.209815 0.983835
-0.208439 0.761118
-0.207271 0.88046
-0.206522 0.972879
-0.206399 0.96286
-0.206305 0.926941
-0.205672 0.936718
-0.2052 0.76955
-0.205028 0.949808
-0.204755 0.926809
-0.203724 0.909441
-0.203691 0.737273
-0.20347 0.877554
-0.202687 0.99404
-0.20242 0.756839
-0.201919 0.967358
-0.201262 0.683675
-0.201215 0.839851
-0.200807 0.898185
-0.200752 0.933758
-0.200362 0.965026
-0.19864 0.918548
-0.197879 0.860857
-0.196642 0.943095
-0.194636 0.925076
-0.194607 0.924168
-0.193284 0.894733
-0.193222 0.765961
-0.192703 0.897072
-0.191647 0.990114
-0.191367 0.995952
-0.19117 0.915657
-0.190431 1.03322
-0.190412 0.905384
-0.189864 0.888832
-0.189455 0.9943
-0.188837 1.03787
-0.187882 0.99288
-0.187679 0.845217
-0.187412 0.622543
-0.186934 0.992259
-0.185881 0.978225
-0.185195 0.986803
-0.18471 1.0283
-0.184278 1.03144
-0.184157 1.00952
-0.183627 1.01736
-0.183324 1.02466
-0.182753 0.979321
-0.182637 1.0203
-0.182555 1.04102
-0.182365 1.0344
-0.181945 0.752907
-0.180785 1.00234
-0.179105 1.03625
-0.177554 0.786234
-0.17669 1.00152
-0.175933 0.746365
-0.173908 1.00107
-0.173059 0.996125
-0.170264 1.01364
-0.167677 1.00863
-0.157953 1.01485
-0.154614 0.988944
-0.153804 0.980445
-0.153802 1.09831
-0.151798 1.01595
-0.151324 1.01308
-0.14767 0.959566
-0.146657 1.00486
-0.14466 1.00269
-0.140952 1.0033
-0.140129 1.00888
-0.137649 1.01952
-0.13656 0.559925
-0.135991 1.013
-0.135684 1.00232
-0.134681 1.01782
-0.134485 1.0369
-0.131129 0.988972
-0.130119 0.99369
-0.126659 1.01288
-0.126579 0.528516
-0.125948 1.01729
-0.125617 0.993124
-0.12418 1.01132
-0.123152 1.05181
-0.122915 0.769686
-0.122365 1.00285
-0.122355 0.906581
-0.120528 0.997437
-0.118669 1.0181
-0.117686 1.00167
-0.117647 1.01743
-0.115138 1.00943
-0.114635 1.00804
-0.113288 1.01735
-0.112631 0.823383
-0.112051 0.98906
-0.110591 0.994692
-0.110326 0.77556
-0.110322 1.00538
-0.109499 0.963624
-0.10919 1.01483
-0.107514 1.0237
-0.107124 1.02176
-0.106969 1.03207
-0.106107 0.99663
-0.105216 0.997884
-0.105157 0.98427
-0.104282 0.991922
-0.104146 0.980949
-0.103802 0.982618
-0.102808 1.00048
-0.101827 0.981615
-0.101525 0.96758
-0.101339 0.979262
-0.100966 0.992108
-0.100966 0.996413
-0.100796 0.985429
-0.100735 1.01312
-0.100589 1.00614
-0.100507 0.993938
-0.100147 1.00583
-0.100127 0.974028
-0.0996157 1.00276
-0.0989839 0.989669
-0.0984956 0.991527
-0.0977859 0.994211
-0.097094 0.991726
-0.0964713 0.996113
-0.0956617 1.00073
-0.0954257 0.988078
-0.0953504 1.00628
-0.0945708 1.01816
-0.0941665 0.996758
-0.0933456 0.966207
-0.0924058 0.970018
-0.0885608 0.943844
-0.0882882 0.979425
-0.08802 0.981108
-0.087289 0.974857
-0.0870668 0.983613
-0.0865667 0.982672
-0.085657 0.944512
-0.0847386 0.98574
-0.0830356 0.992692
-0.0808955 0.900479
-0.08087 0.994884
-0.0780768 1.00155
-0.0738113 0.973174
-0.0685412 0.733578
-0.0593222 1.93084
-0.0490304 0.992934
-0.0454075 1.02766
-0.0431381 0.990802
-0.0430275 0.986557
-0.0429393 1.00184
-0.0427333 1.0184
-0.0427209 1.0082
-0.0426174 0.979392
-0.0425252 0.984887
-0.0424741 0.985027
-0.0422311 0.990194
-0.0419657 0.997387
-0.0418943 0.974012
-0.0418626 0.975467
-0.0415344 0.980069
-0.0414311 0.987049
-0.0413261 0.99201
-0.0412936 0.99289
-0.0412636 0.977107
-0.0411216 0.984897
-0.0410474 0.976122
-0.0407312 0.991279
-0.0402354 0.979948
-0.0400844 0.974279
-0.0399442 0.981574
-0.0398758 0.973285
-0.0397507 0.978984
-0.0386369 0.990355
-0.0385357 0.991095
-0.0381033 0.974644
-0.0375456 0.980064
-0.0339147 0.841721
-0.0331069 0.972801
-0.0301955 1.16883
-0.0264995 1.01019
-0.025771 0.994718
-0.0253963 0.992388
-0.0248218 1.002
-0.0226474 0.980622
-0.0223955 0.993103
-0.0223305 0.971814
-0.0158885 0.412443
-0.0112682 0.951659
0.00154658 1.02761
0.00235959 1.01063
0.00338319 1.04087
0.0034882 1.01527
0.00410059 1.01912
0.00422379 1.01476
0.00435461 1.01415
0.00445999 1.02539
0.00489757 1.00295
0.0049695 0.99888
0.00527125 0.994584
0.00756114 1.01452
0.0102638 0.925849
0.0130355 0.220612
0.0252319 1.24092
0.0260653 0.879524
0.0314255 0.970998
0.0389482 1.02522
0.0435264 0.999865
0.0442635 1.02626
0.0449101 1.01967
0.045157 1.01244
0.0452444 1.00685
0.0455196 1.00423
0.0455816 1.01149
0.0460454 1.03091
0.0464107 1.09689
0.0464834 0.988557
0.0466643 1.00697
0.0469376 1.01273
0.0469751 1.0189
0.0472906 1.00948
0.0475735 0.993633
0.0483067 1.01636
0.0492272 0.996158
0.049592 0.963618
0.0504039 0.986382
0.0570794 0.04248
0.057085 0.0424651
0.057092 0.0424333
0.0576929 1.00634
0.0577351 1.01117
0.0580768 0.994409
0.0611268 1.01897
0.0614226 1.01609
0.0616737 1.01198
0.0702967 0.648868
0.0711772 0.84582
0.0747846 0.049704
0.0748851 0.0505981
0.0752062 1.29889
0.0823158 1.27728
0.0843761 1.35305
0.0855444 1.04531
0.0884614 0.659166
0.0891689 1.01293
0.0893836 1.02922
0.0894302 1.02306
0.0899669 0.440719
0.0899846 1.00934
0.0917797 0.80384
0.0917928 0.90407
0.0938784 0.0480203
0.0952107 0.428258
0.103726 0.55401
0.113316 1.04079
0.118266 0.550646
0.119234 1.00184
0.119402 1.08
0.123118 0.764576
0.125272 0.561732
0.125469 0.973126
0.12698 0.843503
0.127644 0.98504
0.13992 1.03958
0.140672 0.789263
0.144009 0.641066
0.147318 0.8463
0.156748 1.99226
0.157973 1.01975
0.16363 0.690412
0.16706 0.943793
0.170749 0.933002
0.172235 1.011
0.175048 1.01827
0.175815 1.00378
0.17619 0.976898
0.176993 1.01527
0.177351 0.990209
0.177654 1.02146
0.178337 1.02191
0.178469 1.01423
0.178553 1.01301
0.178789 0.961658
0.179921 1.00181
0.18009 1.00688
0.180672 1.00846
0.182152 1.01433
0.182882 1.00965
0.184288 1.01192
0.184423 1.00767
0.184452 1.03489
0.186477 1.0337
0.187483 0.7538
0.187862 0.997418
0.188546 1.00109
0.18857 2.18744
0.190627 1.00983
0.191417 1.00418
0.191584 1.00267
0.191712 1.00096
0.192205 1.03307
0.193209 0.804018
0.198133 1.02609
0.205208 1.04286
0.206714 1.06955
0.209073 0.931643
0.209321 0.998677
0.209714 1.01366
0.20975 0.994253
0.209958 1.00122
0.210052 1.01036
0.210289 1.01451
0.210384 1.01813
0.210428 1.01358
0.211016 1.00394
0.211588 0.975678
0.211868 0.992529
0.212029 1.02104
0.212834 1.00667
0.213372 1.02756
0.213663 0.982927
0.2142 1.0325
0.214354 1.01643
0.2152 0.998409
0.21561 1.01454
0.216258 1.00489
0.216817 0.262039
0.21707 0.976176
0.217198 0.943792
0.217218 0.976257
0.218008 0.986729
0.218268 1.02237
0.218731 1.04297
0.218915 1.00191
0.219381 1.00187
0.219395 0.980922
0.219548 0.999409
0.219912 1.05643
0.220569 1.01579
0.222415 1.01179
0.222624 1.01006
0.222959 1.0227
0.223684 1.01008
0.224113 1.00372
0.224224 1.0038
0.224672 1.01612
0.225352 0.998161
0.225575 1.02587
0.225982 1.01758
0.2263 1.03217
0.22632 1.01176
0.226573 0.99405
0.226638 1.00256
0.226721 0.99103
0.226769 1.03379
0.227588 1.01273
0.227863 1.02172
0.228137 1.04028
0.229166 1.31245
0.230261 0.99852
0.230359 1.02823
0.230516 1.02669
0.231003 0.830758
0.231039 1.00456
0.231657 0.986362
0.232617 1.02415
0.232882 0.999767
0.233174 0.973367
0.233466 1.00586
0.233537 0.983766
0.23368 0.968407
0.234478 1.01952
0.235391 1.06207
0.235456 0.946233
0.236028 1.05923
0.23618 1.00813
0.237091 0.996725
0.237421 1.00764
0.237689 1.03979
0.238041 1.00474
0.238741 0.715621
0.238876 1.01336
0.239357 1.02077
0.239654 1.00915
0.24009 0.998478
0.240136 0.9998
0.240219 1.03192
0.240334 1.37961
0.240889 1.00854
0.241924 0.997781
0.243868 0.854474
0.243954 1.0055
0.243991 1.00276
0.24411 0.994466
0.244185 0.981983
0.24447 0.998727
0.244809 1.00652
0.245826 1.17535
0.247484 1.01898
0.247509 0.991247
0.248689 1.03654
0.248858 1.06777
0.249701 1.01349
0.250148 1.0263
0.251166 1.00346
0.252005 0.978563
0.25248 0.992438
0.252653 1.00394
0.253755 0.984943
0.254314 0.960465
0.255476 1.04328
0.255808 0.986745
0.256542 1.01761
0.257506 1.20572
0.25824 1.00905
0.259732 1.31295
0.259984 1.0197
0.261132 0.954534
0.26115 1.00495
0.262083 1.00259
0.262932 0.78762
0.264332 1.00832
0.265143 1.00758
0.265907 1.01623
0.266002 1.00867
0.267232 1.00328
0.267241 1.01262
0.267986 0.979614
0.268567 1.01351
0.272171 1.00522
0.272444 1.00276
0.272874 1.01112
0.274909 1.0126
0.275856 1.03086
0.27771 0.914048
0.278557 1.106
0.279331 1.0173
0.279959 0.777456
0.280405 0.958942
0.283201 0.996202
0.283366 0.976654
0.285001 0.741793
0.287872 1.00395
0.290598 0.998717
0.291045 0.588058
0.292244 0.635772
0.292276 0.838466
0.292475 1.0312
0.292905 0.571341
0.293138 1.01845
0.297035 0.828179
0.297428 0.996301
0.299831 0.9557
0.300593 0.955218
0.301488 1.02596
0.308308 0.812018
0.309535 1.02533
0.310668 0.99583
0.310866 1.00153
0.311823 0.59216
0.312745 0.993045
0.314453 1.00375
0.314546 0.978164
0.315249 1.01451
0.315509 1.00768
0.315717 0.932786
0.316466 1.00235
0.316513 1.00511
0.316754 1.00212
0.318479 1.0086
0.319423 0.884271
0.319887 0.714237
0.320232 1.01338
0.320558 1.01362
0.322114 1.02306
0.322402 1.03298
0.322566 0.999771
0.323338 0.958834
0.324576 1.00204
0.324646 0.998892
0.324979 1.00015
0.325267 1.01457
0.326108 1.03174
0.326648 1.01461
0.327691 1.03618
0.328195 0.983552
0.329377 1.01669
0.330681 1.02869
0.33166 1.02361
0.333318 0.980516
0.334168 0.98533
0.334817 0.990658
0.336501 0.982431
0.337075 1.01583
0.337961 0.906204
0.338224 1.00861
0.338404 1.01675
0.338887 0.990992
0.339111 0.997217
0.339321 1.00725
0.339348 0.967579
0.339697 1.01107
0.339751 0.975903
0.341144 0.999912
0.341606 1.01755
0.341624 1.01623
0.341858 0.952908
0.342012 1.02541
0.342257 1.02038
0.342424 1.01721
0.342678 1.00355
0.343294 1.01383
0.344881 1.02435
0.344889 1.09822
0.347375 0.978587
0.347498 1.00108
0.347616 1.02046
0.347932 1.01542
0.347956 1.01178
0.34809 1.03393
0.348474 1.00731
0.348895 1.00616
0.349116 0.992715
0.349185 0.998368
0.349324 1.0062
0.349335 1.00277
0.349363 1.0249
0.349698 0.800147
0.349747 1.0236
0.350621 1.01159
0.35072 0.796342
0.350829 1.02981
0.351221 1.03178
0.351309 1.02248
0.351706 1.00395
0.35197 1.00457
0.352229 0.992115
0.352675 1.01207
0.354684 1.0197
0.355385 1.01322
0.355694 1.0169
0.355886 1.01106
0.35643 0.971923
0.356729 1.01986
0.357943 1.01099
0.360444 1.03294
0.360748 0.453979
0.361229 1.02428
0.362269 0.992002
0.363382 1.03525
0.365047 1.01163
0.365227 1.0118
0.366395 1.00384
0.3668 1.01057
0.367991 1.0203
0.369123 1.00835
0.369242 1.02469
0.369451 1.06586
0.371759 1.02691
0.37249 1.01925
0.373044 1.01803
0.37408 1.10078
0.374093 1.05186
0.374104 1.03301
0.376019 1.03491
0.376224 1.03354
0.379608 1.01683
0.379917 1.17452
0.381123 1.02833
0.384253 1.03616
0.38784 1.2156
0.388819 1.33116
0.389495 1.15114
0.417187 0.898501
0.441122 0.520454
0.441521 0.603752
0.445767 0.688634
0.452063 1.06369
0.454778 1.00926
0.456903 0.637477
0.463032 0.643233
0.467617 0.840934
0.468465 1.46895
0.469093 0.857044
0.47013 0.476294
0.47166 0.4773
0.471762 0.756342
0.473164 0.493132
0.473946 0.946307
0.474045 0.480317
0.474317 0.480492
0.474404 1.00961
0.474847 0.865908
0.474935 0.654494
0.475174 1.00769
0.475308 0.480448
0.475377 0.60031
0.475611 0.832083
0.475874 0.482624
0.477839 0.874193
0.477899 0.48197
0.477992 0.482984
0.478681 0.864078
0.478843 1.01894
0.479119 0.913724
0.47916 0.485964
0.480114 0.507801
0.48273 0.718497
0.482893 0.955183
0.482953 0.687465
0.483354 0.505673
0.483425 0.510394
0.483475 0.810752
0.483662 0.581659
0.483828 0.545864
0.48385 0.530065
0.484519 0.570011
0.485275 0.950236
0.485376 0.512099
0.485488 0.688095
0.485816 0.532135
0.486143 0.923204
0.487114 0.493382
0.487235 0.575392
0.487808 0.868857
0.487957 0.9216
0.488101 0.662189
0.488262 0.645921
0.488731 0.589279
0.488867 0.667973
0.489019 0.963779
0.489044 0.548344
0.489276 0.535404
0.489513 0.568258
0.48956 0.907751
0.489568 0.494966
0.489787 0.52993
0.489809 0.966063
0.489823 0.59188
0.489832 0.780397
0.48989 0.515773
0.489944 0.550244
0.490389 0.531077
0.49061 0.535437
0.490646 0.977281
0.490714 0.558856
0.490739 0.897992
0.490885 0.630361
0.490907 0.597928
0.491186 0.898199
0.491246 0.59039
0.491375 0.514867
0.491458 0.896799
0.491508 0.551944
0.491776 0.513669
0.492353 1.55956
0.492391 0.673586
0.492467 0.520681
0.492607 0.52225
0.492962 0.674758
0.493072 0.67455
0.493091 0.665137
0.493406 0.702677
0.49368 0.621118
0.493902 0.634695
0.494394 0.912775
0.494477 0.886802
0.494816 0.584968
0.494831 0.984649
0.495508 0.679012
0.495607 0.635959
0.495813 0.523792
0.495929 0.729561
0.496186 0.625159
0.496269 0.904567
0.496778 0.587835
0.497116 0.556549
0.497158 0.679647
0.497572 0.667521
0.497612 0.683616
0.497614 0.650673
0.497673 0.707999
0.497848 0.565152
0.497974 0.698352
0.498052 0.649544
0.498154 0.732302
0.498225 0.684124
0.498239 0.600725
0.498379 0.619967
0.498394 1.49088
0.498479 0.888346
0.498631 0.883289
0.49895 0.586506
0.499213 0.877603
0.499335 0.644654
0.500307 0.686389
0.500502 0.583594
0.500973 0.949031
0.501121 0.633523
0.501167 0.672925
0.501289 0.679994
0.501324 0.592239
0.501463 0.634996
0.501586 0.604006
0.501641 0.688617
0.501652 0.690092
0.50167 0.689771
0.502037 0.916574
0.50204 0.55614
0.502052 0.6884
0.502169 0.716237
0.502197 0.689166
0.502639 1.03605
0.503251 0.634487
0.503321 0.999734
0.503408 0.990506
0.50358 0.636673
0.503958 0.63611
0.504167 0.59739
0.504362 0.71952
0.504428 0.609465
0.504526 0.693358
0.504772 0.783286
0.505212 0.986123
0.505335 0.59629
0.505455 0.694633
0.505648 0.685041
0.506253 0.851735
0.506321 0.890124
0.506354 0.906208
0.50638 1.00285
0.506525 0.906764
0.506667 0.857566
0.506714 0.632898
0.507034 0.994051
0.507077 0.838756
0.50734 0.697363
0.507474 0.689264
0.50754 0.725127
0.507861 0.728339
0.507882 0.668757
0.50805 1.00792
0.508419 0.99336
0.508989 0.684386
0.509231 0.699755
0.509376 0.700293
0.509515 0.728506
0.509522 0.701256
0.509993 0.597302
0.510055 0.731625
0.510088 0.701613
0.510116 0.853751
0.510739 0.914105
0.510753 0.585932
0.510992 0.729952
0.511113 0.703207
0.511299 0.647282
0.511366 0.662655
0.512 0.999143
0.512004 1.23446
0.512613 0.905257
0.512688 0.702078
0.513933 0.674086
0.514128 1.02458
0.514304 0.734821
0.514923 0.709207
0.515054 0.658658
0.515079 1.01659
0.516808 0.71306
0.516809 0.73825
0.517446 0.741577
0.517753 0.681211
0.517874 0.713559
0.518533 0.66403
0.519176 0.915475
0.519339 0.949833
0.519899 0.929998
0.521086 0.804145
0.522042 1.03034
0.523722 0.715124
0.525558 0.892074
0.526656 0.719541
0.527312 0.602193
0.527373 0.721213
0.527857 0.93041
0.529908 0.724674
0.531793 0.653216
0.532535 0.70588
0.533523 0.730308
0.540366 0.774238
0.54118 0.760471
0.553045 0.777903
0.753625 1.59216
0.781174 1.70197
0.893846 1.95088
