0.240551 0.97777
0.268835 1.003831
-0.048575 0.197001
-0.07781 0.184238
-0.050914 0.812566
-0.355217 0.861171
-0.410905 0.972974
-0.370708 0.976391
-0.421001 0.94842
0.296156 0.989004
0.315886 0.990169
0.296457 0.956542
0.311578 0.971644
0.296855 0.988279
0.310232 0.9739
0.104001 0.919084
0.276171 0.955175
0.278303 0.95459
-0.061612 0.190064
-0.074248 0.183185
-0.012655 0.220598
-0.163369 0.901248
0.310213 0.99313
-0.352848 0.881212
-0.381459 0.961178
-0.485238 1.103548
0.315854 0.99768
0.383163 1.170588
0.38609 0.994092
-0.177832 0.903331
-0.183558 0.90568
-0.048312 0.196961
-0.051472 0.192513
-0.065552 0.184632
0.314646 0.970547
0.297599 0.969226
0.288353 0.974573
-0.000684 0.229725
0.406067 1.036741
-0.067738 0.183655
-0.051863 0.194064
-0.048738 0.198146
0.245151 0.994571
0.263339 1.014183
-0.287699 0.883853
-0.086291 0.178779
-0.3369 0.862686
0.151583 0.942138
-0.075951 0.182249
-0.07703 0.182033
-0.061884 0.189705
-0.061777 0.187852
-0.061966 0.187363
0.096438 0.875794
0.263506 0.946672
-0.042209 0.20194
0.423663 1.078649
0.301766 1.000638
-0.051842 0.195366
-0.04996 0.195245
-0.051371 0.193465
-0.06366 0.185721
0.246689 1.122138
0.308362 0.974595
0.2991 0.975091
0.306356 0.978977
0.288528 0.977282
0.31404 0.97051
0.442782 1.131701
-0.064724 0.187745
-0.074714 0.183376
-0.212351 0.928579
-0.300555 0.967648
-0.286063 0.854793
-0.227392 0.922988
0.309317 0.993388
0.305577 0.98951
0.308774 0.996413
0.285704 0.960357
0.284353 0.95431
0.282757 0.95827
0.289239 0.985959
0.316738 0.995364
-0.085377 0.817259
0.302173 0.963989
0.275625 0.95556
0.012221 0.237304
0.006207 0.233142
0.096751 0.909747
0.312407 0.971335
-0.007081 0.222399
-0.201615 0.876484
0.295079 0.982185
-0.182912 1.042179
-0.076649 0.17711
0.09112 0.887948
0.098295 0.914227
-0.100254 0.939341
-0.214873 0.7889
-0.349226 1.113675
0.2889 0.984393
0.296512 0.982288
0.262572 0.952202
0.289068 0.977756
0.286502 0.972914
0.297915 0.989925
-0.224963 0.913282
-0.032195 0.208433
-0.035053 0.204882
0.260186 0.950342
0.30181 0.95959
0.287322 0.96003
0.205272 0.932498
0.299256 1.003746
0.308543 0.975513
-0.201976 0.873028
0.31633 0.991862
0.288412 0.959642
-0.023861 0.41605
0.108381 0.908348
0.09715 0.909416
-0.078588 0.177551
-0.061308 0.18885
-0.072653 0.180782
-0.012679 0.218676
-0.084559 0.174528
0.185133 0.966343
0.230092 0.989706
-0.048245 0.196935
0.308683 0.974725
-0.117179 0.966799
0.224528 0.943172
0.251026 0.93638
0.306828 0.976231
0.275665 0.955057
0.259839 0.951276
0.315859 0.968488
0.291409 0.977262
-0.074908 0.181484
0.29543 0.977457
0.296307 0.960505
0.233133 0.955076
0.151205 0.942401
0.310317 0.966082
0.297454 0.99414
0.319109 0.993839
0.270005 0.950776
0.271947 0.97251
0.295193 0.98659
-0.060873 0.185118
-0.023894 1.137164
-0.461723 3.437297
-1.331455 2.536701
-0.437576 1.111386
0.27412 0.951775
-0.504247 2.323307
0.461599 1.151445
0.221988 0.921142
0.009071 0.99861
0.480789 1.444673
-0.105723 1.450121
0.092298 0.900845
-0.273771 0.78782
0.653643 1.986504
0.283 0.936495
0.094793 0.872075
0.053971 0.854943
0.091667 0.873993
0.041335 1.072684
0.03549 0.996736
0.134149 0.958015
-0.112258 0.802479
-0.07456 1.169305
-0.060339 1.131334
0.095856 0.890243
-0.077748 0.942568
0.299128 1.188009
-0.045018 0.777853
-0.225086 0.588056
0.045627 0.885202
0.287614 0.92229
0.130701 0.461704
0.129762 0.493772
0.281549 0.959674
0.277807 0.956459
0.296279 0.988426
0.402075 1.059209
0.315995 0.970525
0.251315 0.958843
0.315355 0.967252
0.098518 0.891371
0.288037 0.964463
0.104912 0.879069
0.289493 0.967657
0.296176 0.972738
0.151788 0.941587
0.094308 0.893554
0.269842 0.992218
0.093723 0.898969
0.268509 1.061524
0.102637 0.915051
0.097725 0.903872
0.299091 0.97531
0.289305 0.952227
0.145048 0.923274
-0.249284 1.944073
-0.181069 0.905743
-0.27461 0.858717
-0.220318 0.863782
-0.183919 0.920556
-0.089267 0.891745
0.157062 0.934805
0.040774 0.872694
0.25145 0.957845
0.315302 0.965328
0.287387 0.96582
0.097035 0.879603
0.298432 0.958193
-0.001294 0.812793
0.224836 0.946384
0.095729 0.898671
0.300923 0.998419
0.12862 0.502214
0.134457 0.573521
0.127352 0.555303
0.260117 0.997737
0.024081 0.874921
0.120806 0.471573
0.128791 0.497347
-0.005187 0.851807
-0.128457 0.532665
0.295495 0.794756
0.120862 0.76327
0.110657 0.97759
0.006915 1.020547
0.004603 0.830485
-0.079341 0.706669
-0.190008 0.664167
0.306669 0.980478
0.101802 0.918433
0.308995 0.993119
0.296409 0.989482
0.284575 0.964319
0.049648 0.88222
0.104063 0.909378
0.295812 0.979439
0.260355 0.951121
0.095144 0.895287
0.307388 0.990203
0.279591 0.957427
0.099668 0.925709
0.31015 0.971854
0.100594 0.918235
0.100841 0.919621
0.193788 0.95292
0.292048 0.968893
0.079402 0.892886
0.094922 0.890331
-0.360384 1.501653
0.1295 0.485587
0.293507 0.971264
0.149103 0.92348
0.095208 0.898972
0.298599 0.988003
0.381591 1.002171
0.331111 1.061818
0.296769 0.984681
0.093569 0.86687
0.094728 0.901514
0.291186 0.967863
0.306934 0.976206
0.095317 0.878656
0.092972 0.886253
0.096227 0.914153
0.292479 0.985533
0.305616 0.983041
0.095763 0.90436
0.305762 0.981656
0.290364 0.971508
0.281069 1.002764
0.097529 0.91349
0.230081 0.941784
0.079329 0.910622
-0.01125 0.971944
0.297507 0.971691
0.367911 1.000341
-0.021978 0.968854
-0.081432 0.731582
0.383126 1.029371
-0.162371 0.61706
0.295307 0.982093
-0.167957 0.63646
0.272602 0.956828
-0.042558 0.732714
0.100498 0.906725
0.39116 1.123892
-0.0263 0.770173
-0.026246 0.758825
0.223985 0.946579
-0.08003 0.724307
0.108066 1.088836
0.297326 0.916268
-0.121196 0.693518
0.094642 0.901162
0.045551 0.825841
0.041666 0.104573
0.108952 0.228638
-0.033984 0.134983
-0.128367 0.212629
-0.052818 0.11066
0.012539 0.034219
-0.499064 0.948731
0.002587 0.156391
-0.609999 1.853096
0.040821 0.192097
0.093464 0.221939
-0.252309 2.546808
-0.070322 0.152287
-0.032759 0.178704
-1.098706 2.653963
-0.158471 1.68478
-0.431039 1.457544
0.108748 1.045999
0.209247 0.969205
0.219287 0.561493
0.18909 0.382583
-0.185137 0.984067
0.208443 0.421452
2.31438 7.17472
-7.06531 14.493134
-0.106354 0.565917
0.022131 0.16595
-0.315139 0.797467
0.370995 0.894811
-0.29466 0.798905
-0.117222 0.910267
-0.224727 0.824416
-0.190748 2.770984
0.163325 1.166858
0.41481 1.000332
0.169006 0.939388
-0.883895 1.768946
-0.029366 1.332435
0.139062 0.581742
-0.213013 0.951202
0.181796 1.326545
0.323096 1.164929
0.361456 1.188716
0.403864 0.806502
0.241948 1.415985
-0.023093 1.212093
0.121773 0.472772
0.032784 0.467819
0.034049 0.472151
-0.04473 1.112989
-0.015379 0.938487
0.116372 0.540861
-0.034635 0.490109
-1.158664 1.999861
0.306147 0.986319
0.305625 0.985189
0.305845 0.98557
0.302185 0.984022
0.095634 0.916421
0.092984 0.926775
0.104575 0.900895
2.801759 8.018643
0.063804 2.74461
0.50554 0.042325
0.495243 0.066107
0.496409 0.051622
0.488515 0.085817
0.485326 0.076412
-0.395807 2.477748
-0.140528 0.821357
-1.284402 2.645574
-0.003623 0.844697
0.621625 0.599758
0.125245 0.638833
0.620586 1.14925
0.617618 1.22783
0.410745 1.041227
-0.273031 1.187848
0.776344 1.920277
0.602718 0.464769
0.123954 0.641739
0.031799 0.751182
0.158942 0.902573
0.948309 2.253475
0.636367 1.00389
0.504721 0.054194
0.242526 0.536516
0.140019 0.555143
0.17228 0.621359
0.392142 0.735549
0.487465 0.48903
0.424247 0.377545
0.00269 1.12047
0.483414 0.177204
0.318491 0.320682
0.28521 0.96463
-0.067962 0.948704
0.099576 0.740793
-0.184484 1.563589
0.27809 0.955861
-3.09925 8.459202
-0.119015 0.909555
0.06326 0.66047
0.004863 0.868611
0.305636 0.982934
0.254937 0.947329
0.310154 0.989955
2.222792 7.167889
0.28696 1.001414
0.007421 1.716619
0.195149 1.006397
0.297345 0.971141
0.157047 1.050992
-1.066661 2.049909
-0.398911 1.604885
0.172421 0.927398
-0.568864 1.849183
-0.012045 0.904742
-0.253962 0.802028
-0.569762 1.859426
-0.563441 1.782391
-0.615798 1.958456
-0.667575 2.000421
0.103261 0.901562
-0.175699 0.869032
0.265393 0.976144
-0.143495 1.138401
-0.568602 1.737308
-0.56374 1.649809
-0.424205 1.204969
-0.566022 1.573756
-0.277492 0.823598
-0.516586 1.427389
0.133075 1.107467
-0.434852 1.626482
0.036593 1.460544
0.093813 0.911756
-0.153758 0.981838
-0.849013 1.774303
-0.554683 1.66346
0.172473 1.056442
0.197224 1.127821
0.084761 0.928349
-0.017108 1.747328
0.126374 1.17937
0.196351 1.500236
0.09318 0.874568
0.209721 0.975204
0.247766 0.849818
0.093666 0.901212
-0.009031 0.864359
-0.216483 0.937434
0.323349 0.999561
0.294477 0.958283
0.282514 0.961843
0.034517 0.859529
0.292858 0.98477
0.489502 1.230201
-2.679413 6.53561
-0.169638 0.970286
0.436547 0.965925
0.444364 0.982138
2.065002 6.384896
-0.077707 0.894805
0.386382 1.447178
0.408344 0.956598
0.047244 0.887304
0.092794 0.92525
-0.082552 1.450748
0.279943 1.004929
0.272176 0.947274
0.276372 0.986954
0.060482 1.194322
0.27787 1.003034
0.276836 0.994878
0.205361 0.971224
0.123375 1.061378
0.037726 0.905619
-1.647656 6.003752
-0.53994 2.263764
-0.526395 2.623396
-0.770728 3.232495
-0.253068 2.03863
0.22293 0.9582
0.099461 1.734404
-0.357626 2.800305
0.073613 1.431418
0.09767 0.89936
0.312841 0.970859
-2.571679 9.711423
0.101014 0.865187
-2.321097 8.622352
-0.185994 1.727385
-1.546403 5.69254
0.429572 1.284731
0.188258 0.572323
-0.209178 1.31285
1.53165 13.853476
0.237071 0.792129
0.387745 0.909881
0.100298 0.864107
-0.089551 1.376489
-0.333318 0.817385
0.279075 0.941795
0.275671 0.992056
0.155015 1.056347
0.274497 0.954443
0.262211 0.974133
0.316604 0.971679
0.180225 0.934717
0.076698 0.160098
-0.134589 0.885492
-0.032593 0.175336
-0.078014 0.117493
0.164485 1.312939
-0.076207 0.16193
-0.06652 0.149646
0.092018 0.896493
-0.275486 1.509284
-0.129895 0.863852
-0.045864 0.865744
-0.417884 0.751958
-0.207416 0.840717
0.195838 0.97284
0.221777 0.983047
-0.536242 0.825451
-0.216412 0.6542
0.296177 0.980039
-0.35557 0.81525
-0.910192 3.041207
0.130248 0.077459
-0.079794 2.031408
0.169029 1.094681
0.294911 0.970825
0.300416 1.002095
0.305397 0.985123
0.291609 0.92934
0.32283 0.632461
-0.109483 2.602164
0.33594 0.656901
0.314839 0.997158
-0.256789 0.896187
-0.185475 2.096743
-0.259484 0.753839
-0.425567 0.780794
-0.273253 0.689492
-0.318144 1.196463
0.303192 0.96713
-0.365659 0.928761
-0.190968 0.813489
0.311346 0.967349
0.204106 1.032609
0.068109 1.180074
0.028933 0.122395
-0.056363 0.174292
0.158571 0.405865
0.067124 0.222187
0.004864 0.106276
0.047444 0.259662
0.037072 0.267043
-0.160825 2.027585
0.023803 1.179965
0.306698 0.960805
0.810495 2.151257
0.537103 0.271188
0.456369 0.172587
0.280154 0.55915
0.732208 4.43104
0.105001 2.810701
0.299265 0.99116
0.11479 2.010314
-0.131152 0.805379
0.780313 3.447228
0.195299 0.931754
0.477156 2.965664
0.725302 3.04716
-0.127015 0.812662
0.117018 0.890046
0.108203 0.930736
-0.753199 2.252362
0.201827 1.60515
0.267085 0.601833
0.094415 0.907742
0.679723 1.044888
0.643239 3.975955
-1.100772 7.950413
0.437076 0.406287
0.143302 0.538366
0.379567 0.652876
0.256279 0.949305
0.360364 0.982909
-0.177274 2.941652
-0.136279 2.483367
0.436642 2.763333
0.728295 2.288414
-0.093682 1.798753
0.299759 0.821101
0.168585 0.940694
0.377304 2.151857
-1.668914 5.643904
0.293702 0.971788
0.787257 2.068599
-1.740223 11.776317
0.091327 0.902908
0.372155 3.435782
0.128872 0.503513
0.722637 8.740506
0.450369 1.243705
0.070882 1.668629
0.209657 0.622207
0.539441 8.237896
0.931567 12.489408
1.039026 4.231126
0.865808 3.722783
1.035819 5.872484
1.118589 3.87642
1.094031 4.231333
1.211972 4.300327
0.985096 7.328242
0.032233 1.060531
-0.466054 2.131138
0.555112 2.385547
0.338075 14.920563
-0.236804 4.059029
1.061126 6.253559
0.504945 1.907945
0.304234 0.984227
-0.384079 1.352448
-0.105718 0.860459
0.065792 0.717493
0.096035 0.896994
-0.662663 1.303152
-0.280725 0.827209
0.031399 0.036627
-0.332804 0.827288
-0.01371 0.05084
-0.334662 0.827031
-0.03862 1.378517
0.095387 0.90031
-1.776476 4.440317
0.09937 0.916047
-2.196612 7.230245
-2.62919 5.274805
0.316438 1.021173
-0.292473 4.982626
-0.12175 3.687512
0.018878 1.386021
1.811157 4.827859
-0.324664 4.827557
-0.299511 4.243889
-3.508415 9.278887
-3.727268 9.250177
-4.834393 10.38946
-2.081661 6.724847
0.633204 1.61299
1.149456 6.656513
1.128392 6.024084
0.350949 2.551798
-4.529759 10.343839
0.155921 0.729859
-0.55638 1.45355
0.201006 0.368632
0.40749 1.153557
-0.671598 3.495653
0.274621 0.948837
-4.144572 9.768287
-0.343566 1.124351
0.504349 0.109629
0.467365 0.131901
0.495237 0.021144
0.495329 0.020408
0.393934 2.442273
-1.574407 3.398975
-0.634509 1.683968
-0.676343 2.081649
-0.259766 1.130886
-0.025104 0.693597
0.468557 0.56709
0.511937 0.301554
0.090484 0.907424
-0.328312 0.81664
0.287961 0.913012
-0.511625 0.782911
-0.459486 0.684167
-0.257092 0.326033
-0.405517 0.83029
-0.447346 0.822904
-0.152157 1.025655
-0.143183 0.883298
0.101251 0.92987
-0.30399 0.846046
-0.333214 0.838557
-0.29193 0.844824
-0.136335 0.869239
0.283042 0.989934
-0.269749 0.810862
-0.904323 3.92461
0.301045 0.98924
0.494145 0.132831
0.277955 0.994018
0.259278 0.967547
-0.178809 2.161088
-0.139504 2.692931
0.185626 0.984386
0.150707 0.987891
0.304819 0.968204
0.038106 0.875049
0.184928 0.967357
0.093212 0.906117
-0.833366 2.19381
-0.284628 0.845506
-0.282577 0.843302
0.280401 0.95575
0.320313 0.993414
0.296781 0.963031
0.132939 0.914014
0.117931 0.908219
0.097449 1.149801
-0.394351 0.830971
0.092455 0.940099
0.091946 0.914414
-0.116079 0.904145
0.357167 0.97767
-0.724396 1.226553
-0.081015 0.888839
0.284692 0.952511
0.091777 0.899541
-0.228258 0.893744
-0.405005 0.830644
-0.409539 0.822195
-0.445432 0.818838
0.357415 0.960494
0.667607 1.049143
0.319248 0.99082
0.278914 0.957269
0.225391 0.944483
-0.67955 4.810713
0.481415 0.933008
0.275518 0.953848
0.296618 0.983747
0.495124 1.144861
0.672654 1.131312
0.66869 1.127761
-0.361919 0.807714
0.099063 1.159086
-0.227406 0.812543
0.251386 1.187562
0.333763 0.767808
0.481058 1.951607
0.457761 0.971708
0.236631 2.789492
-0.832536 3.732224
0.178942 2.406849
0.171103 2.154804
0.263618 0.648869
0.486411 1.987903
-0.122891 2.469858
-0.542069 2.52442
0.536571 1.899143
0.466579 2.338341
0.56015 14.372022
-0.122553 0.783672
0.689467 1.861018
0.601769 2.000963
0.093029 0.943198
0.63111 1.769656
1.756882 18.096067
0.563398 1.877095
0.455537 1.571025
-0.029173 0.889496
-0.047263 0.845618
0.16039 0.630929
-0.340008 8.052439
0.537364 0.883751
0.235658 0.562229
-0.008705 0.846562
0.102367 0.906289
-1.09738 3.939559
0.318115 0.999327
0.749726 4.865346
0.254593 1.642593
0.324065 2.092729
0.456625 3.404455
0.504222 1.449531
-0.050467 0.846634
0.247655 3.215667
3.026229 28.297703
0.099742 0.920246
0.162883 0.678794
-2.103233 24.586388
0.533194 2.649577
0.221678 0.455345
0.280626 0.528173
0.565505 2.973189
0.260794 0.516899
0.326735 3.038489
1.422101 6.700483
0.294493 0.744908
-0.17693 1.444279
-0.040997 0.81362
0.412662 0.989271
-3.270913 7.772564
-0.074604 1.570556
-0.047016 1.476421
-1.131751 3.507539
0.045001 0.870631
-0.479142 2.197698
0.300254 0.981161
-0.167075 1.666655
-0.205758 1.742376
0.693156 1.539507
-2.678936 6.559136
0.386811 0.954757
0.287354 1.007987
0.424057 0.274472
0.425903 0.253086
0.680427 1.108958
0.618161 0.94133
-0.263587 0.816933
-0.695192 1.162102
0.312778 0.966948
-0.264328 0.819783
0.0422 -0.032415
0.306769 0.960719
0.279444 0.948653
0.283022 0.963183
0.096742 0.921498
-0.287316 0.857133
-0.458502 0.820766
-0.535839 0.830779
0.097356 0.909251
0.105106 0.901822
-0.070434 1.021399
-0.083378 1.010296
0.403834 0.760401
0.377476 0.925518
-0.572331 3.395986
0.188911 1.470392
-0.21629 1.960141
-0.239588 1.91563
-2.359256 9.544759
0.282017 1.014706
-0.68021 1.135388
0.476457 -0.053755
0.045781 0.887528
0.501322 1.567385
0.948067 8.628761
0.531984 1.870609
1.569824 12.386772
0.194404 1.055976
0.292055 0.96797
0.2821 0.981581
0.254053 0.57418
0.481042 0.349803
0.325935 0.808523
0.482679 0.352955
0.31073 1.000793
0.455238 0.581739
0.218812 0.996636
0.498007 0.366993
0.383832 0.500921
0.355236 1.021812
0.071179 0.905726
0.344527 0.596955
-0.01729 0.870493
0.314889 0.998972
0.114097 0.948048
0.205185 0.412102
0.260609 0.95125
0.11257 0.959665
0.285553 0.942761
0.308089 0.994327
0.322156 0.64431
0.40246 0.409838
0.406612 0.514432
0.493729 0.436877
0.100576 0.92377
0.309264 0.992085
0.082241 1.440282
0.356157 0.634508
0.308734 0.8331
0.199051 0.945543
0.293942 0.976219
0.618356 1.24194
0.426619 0.993742
0.624048 1.207233
-0.082699 0.815278
0.545897 0.414777
0.594535 1.07029
0.590611 1.030506
0.620275 1.261464
0.500625 1.292422
0.731276 2.118725
0.606311 1.043674
0.609573 1.001784
0.484266 0.911974
0.29675 0.982638
0.594583 0.869765
0.500132 0.588891
0.437384 1.040162
0.52862 1.219813
0.348156 0.250381
0.497122 0.395665
0.626054 1.251349
0.485359 1.28271
0.583209 0.891164
0.492563 0.116527
0.492184 0.108203
0.042028 0.614379
0.403168 0.289343
0.287502 1.051285
0.403597 1.199332
0.217676 0.390562
0.585003 2.343395
0.444093 0.244628
0.063687 0.866954
0.194875 0.778081
0.446279 0.22204
0.069936 0.608953
0.402767 1.203714
-0.095953 0.883108
0.295244 1.023897
0.499308 0.962811
0.575236 0.595178
0.443419 0.24571
0.333997 0.263647
0.176098 0.491161
0.505418 0.072164
0.268715 0.974857
0.060455 0.671531
0.793432 2.059785
0.228586 0.479497
0.49176 0.084869
0.132394 0.589243
0.994897 4.15187
0.724531 1.750625
0.492936 0.108758
0.64413 1.090042
0.472496 0.08841
0.49464 0.014748
0.504438 0.184027
0.482415 -0.029232
0.545774 0.634721
0.456709 -0.008022
0.292443 0.957727
0.293491 0.96711
0.167536 0.760368
0.275371 1.034401
0.395367 0.62516
-0.265881 2.676816
0.44485 0.791322
0.29527 0.943123
0.349057 0.901081
0.324608 0.830429
0.447964 1.885712
0.459926 0.941
0.507797 0.06027
0.499525 0.068877
-1.052105 2.312141
0.443084 0.982271
0.504675 0.087347
0.295866 0.370641
0.613625 1.172578
0.445385 0.903139
0.398032 0.195827
0.501284 0.091861
0.524685 0.202761
0.197985 0.578936
0.602412 1.020262
0.512779 0.079815
0.513391 0.082322
0.050765 0.917104
0.475577 0.134058
0.489141 0.689495
0.473611 0.542449
0.699257 1.157647
0.507745 0.074719
0.508749 0.110672
0.166776 0.657538
-0.03705 1.279841
0.469662 0.137927
0.701106 1.043048
0.501144 0.957513
0.446513 0.895065
0.423183 1.019125
0.593128 1.144617
0.378296 1.105513
-0.288702 1.257168
-0.220879 1.02872
-0.10817 0.842911
0.648621 1.006365
0.342729 1.069981
0.385046 1.024267
-0.195249 1.041275
-0.169299 0.996146
0.486119 1.061335
0.387417 0.994143
-0.200179 1.112278
-0.06837 0.871288
0.647292 0.996848
-0.140964 0.825315
0.429049 0.968185
0.571839 1.122646
0.456033 0.900332
-0.224817 1.15732
0.052184 0.871991
-0.070164 0.850518
0.675776 1.185355
0.647156 0.99564
0.309202 0.982298
0.49701 1.696419
0.51835 0.157439
-0.185068 1.140353
0.646026 0.990812
0.308345 1.121338
-0.187256 2.762559
0.145655 0.929499
0.21491 1.059003
0.134586 1.226859
0.096008 1.216697
-0.986674 2.261049
-0.462679 2.007342
0.499335 0.248579
0.364261 1.783825
0.448845 1.734993
0.059373 0.7818
0.469957 0.293616
-0.799437 3.54176
0.435144 0.552713
-0.595699 3.63362
0.253023 0.496005
-0.143916 1.325314
0.538675 1.533787
-0.277671 1.753944
0.247766 0.479982
0.287006 0.966651
0.098231 0.908405
0.145555 0.592641
0.158314 0.817464
0.134777 0.40186
0.152051 0.706687
0.149966 0.664553
0.138583 0.46875
0.159393 1.007283
0.231899 0.501919
-0.677701 2.173741
0.454805 0.977673
0.101135 0.909506
0.089522 0.907814
0.299298 11.093567
0.411061 1.872628
0.003776 2.883841
-0.784055 6.175073
-2.206798 7.742865
0.313867 0.949001
0.395285 0.535014
0.299252 0.753799
0.328053 0.946423
0.419326 0.8518
0.498868 0.088902
0.487045 -0.023579
0.490667 -0.014356
0.502121 0.076367
0.4852 0.030104
0.258973 1.004916
0.027433 1.079157
0.209311 0.3379
0.087741 0.565831
0.212873 0.27575
0.234427 0.367104
0.407973 1.069127
0.147468 0.626315
0.429799 0.447585
0.311617 1.01792
-0.993857 5.646987
-0.233688 1.753855
0.471521 0.50147
0.092583 0.916741
0.487688 0.068581
0.463309 -0.059503
0.49721 0.312312
0.550068 0.46927
0.491134 -0.01437
0.475305 -0.064037
0.522641 0.20664
0.506363 0.106552
0.487229 -0.033711
0.099738 0.894292
0.501085 0.023744
0.452853 0.043913
0.503609 0.073007
0.486155 -0.001786
-0.249281 2.637248
0.495055 0.445172
0.229529 0.950747
0.203035 0.848843
-0.496378 7.329758
0.463503 0.037123
-2.166999 7.897775
0.30217 0.960852
-0.008805 0.856352
0.181142 0.901217
0.197083 0.936976
0.31787 1.015625
-2.088845 7.619937
0.453811 0.320256
0.281899 0.960641
0.254942 1.028894
0.172964 1.586256
0.460799 1.238363
-5.752132 13.43072
-0.427875 1.438416
0.462499 1.21505
0.352084 4.08131
0.032227 0.827765
0.528832 0.852223
0.443465 0.229318
0.421938 0.299011
0.427411 0.235638
0.433493 0.221332
0.429381 0.280547
0.430942 0.258163
0.38286 0.443524
0.535929 0.056339
0.474172 0.128757
0.465425 0.238395
0.443624 0.269263
0.435866 0.261325
0.425434 0.255943
0.492873 0.112895
0.464118 3.068293
0.102221 0.913973
0.195591 0.597785
0.123569 0.668809
0.04241 0.733328
0.178169 8.247816
0.604102 4.860258
0.023563 0.877003
0.052486 0.883004
0.002504 0.86607
0.308506 2.226336
0.218589 0.489851
0.139942 0.959004
0.156456 1.023082
0.474717 -0.057651
0.473925 -0.049045
0.473364 -0.042958
0.472657 -0.035267
0.466822 -0.045032
0.363016 0.867129
0.165567 0.738031
-3.909856 10.243147
-1.687713 3.333992
0.295012 0.970931
0.317554 0.993028
0.30016 0.977915
-0.637291 4.113089
1.267382 8.369069
-0.043297 0.848622
0.146995 0.473462
0.258534 0.455924
0.111233 0.624571
0.20748 0.30433
0.247038 0.452692
0.092195 0.442511
0.25182 0.960219
0.109849 0.991138
0.323922 1.174961
0.478687 -0.05942
0.469737 0.208451
0.511465 0.492917
0.463608 -0.080093
0.432688 0.203382
0.375211 0.596759
0.310437 0.994238
-0.274307 2.005223
0.485381 1.054347
-0.833807 2.511142
0.531413 1.038808
0.533099 0.330995
0.261412 0.62371
0.267376 0.369879
0.022444 0.646183
0.180141 0.519624
0.061844 0.69217
0.522601 0.860018
0.588155 0.809551
0.266685 1.012893
0.229425 0.454783
0.095296 0.894938
0.160414 0.529576
0.086325 0.871004
0.152491 0.741004
-0.300184 2.07889
0.52812 0.966198
-0.000921 1.313163
0.54285 0.39193
0.139161 0.608597
0.160799 0.561581
0.388794 0.335386
0.291507 0.953414
0.199131 0.604419
0.199243 0.959383
0.642833 0.818042
0.412836 0.423191
0.47831 0.22958
0.49402 0.933993
0.453509 0.316388
0.455629 0.316676
0.470457 0.267117
0.421228 0.342149
0.108561 0.600326
0.136724 0.545041
0.569898 0.314715
0.330758 0.310631
0.25952 0.62937
0.263514 0.616459
0.538961 1.029318
0.061677 0.692354
0.579588 0.391889
0.605926 0.804612
0.947493 3.536378
-0.029261 0.82585
0.446117 0.945324
0.533092 0.330748
0.007722 0.834501
0.54076 0.285824
0.536771 0.355317
0.547667 0.322399
0.499281 0.096612
0.508954 0.07839
0.956336 3.902535
0.507393 0.066111
0.551515 0.264211
0.48694 0.179293
0.565592 0.262193
0.507977 0.074608
0.508225 0.075236
0.506515 0.086566
0.620078 1.049861
0.19557 0.583721
0.510698 0.071914
0.464778 0.143198
0.421865 0.1688
0.506664 0.055701
0.573027 0.551422
0.776215 3.677064
0.494237 0.092842
0.418493 0.652677
0.560195 1.327549
-0.044589 4.332407
0.29047 0.948925
0.50475 0.054307
0.009678 0.981665
0.999557 3.37849
1.195769 3.714157
0.302579 0.28347
0.622315 0.546867
0.210882 0.746492
0.100911 0.647986
-0.22369 1.234297
0.456693 0.978074
0.416073 0.335317
0.747963 1.073237
0.502336 0.437018
0.227224 0.920074
0.118016 0.528863
0.60481 0.949578
0.267305 0.939959
0.654332 0.926096
0.271677 1.005918
0.291189 0.956306
0.228587 0.92074
0.330968 0.970722
0.207076 0.935177
0.260453 0.949558
0.235948 0.975271
0.280005 0.95942
0.095188 0.872682
0.29767 0.995308
0.287501 0.979528
0.091111 0.30091
0.297872 0.983025
0.132823 0.888927
0.267598 0.85963
-0.199849 0.895043
0.275111 0.950915
0.277821 0.956257
0.328482 0.993497
0.231195 0.943045
0.339883 1.037458
0.271537 0.955102
0.230689 1.001987
-0.020977 0.918568
0.039662 0.260175
0.292007 0.982837
0.313773 0.965842
0.305243 0.963888
-0.295826 0.88491
0.277135 0.952746
0.098296 0.871009
0.11134 0.960552
0.106815 0.952671
0.336164 0.822219
0.256387 0.973614
