-0.647069 0.0774884 1.80802
-0.610018 0.0537214 1.57002
-0.519661 -0.397255 1.48178
-0.512052 -0.403751 1.50413
-0.495301 -0.273486 1.23772
-0.438921 0.0582643 1.61832
-0.421963 -0.271443 1.03037
-0.4182 -0.22813 1.03865
-0.41344 -0.266042 1.02745
-0.406923 -0.273831 1.01657
-0.404204 -0.271895 1.00866
-0.390364 0.129118 1.01511
-0.385548 -0.224809 1.01475
-0.385487 0.127739 1.00468
-0.384456 0.07421 1.00464
-0.38346 0.173878 1.0005
-0.381729 0.0752351 0.997613
-0.381376 0.183995 1.00669
-0.380187 -0.27597 1.10072
-0.379767 0.182964 1.00239
-0.378624 -0.221181 0.993174
-0.369649 -0.310294 1.21822
-0.367503 0.0407417 1.03832
-0.364988 0.0604319 1.1195
-0.354204 -0.250242 1.08513
-0.351015 -0.249376 0.982002
-0.34667 -0.197253 0.892655
-0.340743 0.0326628 0.96738
-0.333587 0.181386 0.988443
-0.33274 -0.275972 1.02497
-0.33048 -0.24295 1.04849
-0.328631 0.162302 0.992873
-0.328371 0.179297 1.01431
-0.32757 0.184011 1.05546
-0.324082 -0.228195 1.01394
-0.323661 0.182135 1.01502
-0.323023 -0.22417 0.993488
-0.322606 -0.237545 1.02859
-0.319166 0.173831 1.04273
-0.317784 0.172333 0.984033
-0.316388 -0.22769 0.992752
-0.316087 0.179929 1.0135
-0.316036 0.18255 1.01307
-0.31506 0.0339749 0.95199
-0.314101 0.0406156 1.01069
-0.314043 0.180741 1.00241
-0.313099 0.0449453 1.03377
-0.312895 0.133332 1.03716
-0.312461 -0.231925 1.00624
-0.312359 0.158681 1.00926
-0.310221 0.0381272 0.987375
-0.310109 0.0541795 1.04808
-0.309378 0.0546507 1.03024
-0.30872 -0.227448 0.994137
-0.308623 0.103142 1.00466
-0.308029 -0.25758 0.980845
-0.307683 0.177207 0.978656
-0.307661 0.178334 0.990487
-0.306709 -0.224628 0.974037
-0.306571 0.161884 1.02358
-0.306115 0.128295 1.01754
-0.305908 0.172432 1.00064
-0.305194 0.0856659 0.998354
-0.305136 0.162672 1.0165
-0.304679 0.131943 1.01824
-0.304032 0.0816373 0.997549
-0.303513 0.0637483 0.992018
-0.303493 0.0558009 0.993205
-0.302593 0.171356 0.979844
-0.302558 0.116556 0.991998
-0.302554 0.177897 1.00531
-0.301984 -0.0542815 0.971153
-0.301855 0.0396728 0.950383
-0.301642 0.0414382 0.98856
-0.301614 0.166431 0.999891
-0.301466 0.0790487 0.988098
-0.301413 0.177624 0.991783
-0.301406 0.0578257 0.983845
-0.300932 0.0900699 0.989119
-0.300903 0.117523 0.990403
-0.300635 0.0959217 0.987094
-0.300514 0.104328 0.981703
-0.300341 0.057169 0.985031
-0.299424 0.159254 1.00074
-0.299398 0.159555 1.00138
-0.299257 0.101236 0.979911
-0.299096 0.108702 0.995794
-0.298691 0.0652745 0.994254
-0.298623 0.120126 0.998879
-0.298446 0.0516978 0.968838
-0.297649 0.152419 1.00437
-0.296574 0.0494375 0.96064
-0.296303 0.0984058 0.978479
-0.29628 -0.216657 0.94269
-0.295313 0.160146 0.989869
-0.294156 -0.213057 0.930021
-0.291717 0.17403 0.973661
-0.291018 -0.227575 1.0218
-0.290276 0.0390952 0.952735
-0.290069 -0.189746 0.712126
-0.288872 0.12603 0.97747
-0.288036 -0.226142 1.01394
-0.287619 0.171919 0.986572
-0.286252 0.0348922 0.974779
-0.285836 -0.189605 0.704145
-0.283802 0.169994 0.965526
-0.279758 0.0509747 0.961488
-0.279757 0.166943 0.968705
-0.279591 0.0399502 0.982515
-0.276636 0.0514844 0.958874
-0.275618 -0.206188 0.906587
-0.274781 -0.0993081 0.967066
-0.274601 0.0398183 0.926957
-0.273584 -0.214046 0.961394
-0.271251 0.0517365 0.995127
-0.26998 0.0442129 0.871709
-0.26242 -0.213671 0.973634
-0.257474 0.0347432 0.970901
-0.242796 -0.221437 0.990354
-0.242491 -0.211415 0.954504
-0.239824 -0.0399148 0.98699
-0.237974 0.185258 1.00729
-0.237914 -0.0397982 0.981798
-0.235243 -0.221101 0.815793
-0.233453 -0.254118 1.1254
-0.231144 0.165509 1.00595
-0.230579 -0.20797 0.771005
-0.222966 -0.240413 0.899305
-0.222696 -0.241478 0.905007
-0.220561 -0.20564 0.933763
-0.2172 -0.243104 0.902726
-0.215858 -0.225848 1.00799
-0.214745 -0.204494 0.979068
-0.214678 -0.229261 1.01849
-0.21427 0.151671 0.832731
-0.213667 -0.236936 0.873804
-0.213388 -0.237901 0.879037
-0.212974 -0.240853 0.713265
-0.212653 -0.202311 0.971278
-0.21245 -0.252298 0.977
-0.211381 -0.263233 0.859321
-0.211248 -0.201242 0.964297
-0.210572 -0.240927 0.985142
-0.209926 -0.271628 0.882925
-0.209815 -0.239574 0.983835
-0.208439 -0.240395 0.761118
-0.207271 -0.261692 0.88046
-0.206522 -0.238423 0.972879
-0.206399 -0.246413 0.96286
-0.206305 -0.205798 0.926941
-0.205672 -0.287783 0.936718
-0.2052 -0.245197 0.76955
-0.205028 -0.255959 0.949808
-0.204755 -0.27756 0.926809
-0.203724 -0.252536 0.909441
-0.203691 -0.200137 0.737273
-0.20347 -0.253441 0.877554
-0.202687 0.194933 0.99404
-0.20242 -0.23977 0.756839
-0.201919 -0.217129 0.967358
-0.201262 -0.238779 0.683675
-0.201215 -0.255375 0.839851
-0.200807 -0.250462 0.898185
-0.200752 -0.280709 0.933758
-0.200362 -0.217941 0.965026
-0.19864 -0.277888 0.918548
-0.197879 -0.250011 0.860857
-0.196642 -0.281243 0.943095
-0.194636 -0.276922 0.925076
-0.194607 -0.205882 0.924168
-0.193284 -0.275262 0.894733
-0.193222 -0.207678 0.765961
-0.192703 -0.241946 0.897072
-0.191647 -0.227316 0.990114
-0.191367 -0.2352 0.995952
-0.19117 -0.246973 0.915657
-0.190431 0.041367 1.03322
-0.190412 -0.271453 0.905384
-0.189864 -0.2738 0.888832
-0.189455 -0.228475 0.9943
-0.188837 0.0412928 1.03787
-0.187882 -0.267486 0.99288
-0.187679 -0.224682 0.845217
-0.187412 0.0975846 0.622543
-0.186934 -0.227859 0.992259
-0.185881 -0.220974 0.978225
-0.185195 -0.265612 0.986803
-0.18471 0.0483923 1.0283
-0.184278 -0.239025 1.03144
-0.184157 0.0480534 1.00952
-0.183627 0.047171 1.01736
-0.183324 0.049813 1.02466
-0.182753 -0.264521 0.979321
-0.182637 0.185924 1.0203
-0.182555 -0.244094 1.04102
-0.182365 -0.24132 1.0344
-0.181945 -0.166526 0.752907
-0.180785 0.0400337 1.00234
-0.179105 0.0453332 1.03625
-0.177554 -0.234638 0.786234
-0.17669 0.0488094 1.00152
-0.175933 -0.221976 0.746365
-0.173908 0.0440853 1.00107
-0.173059 -0.227393 0.996125
-0.170264 -0.237099 1.01364
-0.167677 -0.22227 1.00863
-0.157953 -0.237431 1.01485
-0.154614 -0.23246 0.988944
-0.153804 0.0386497 0.980445
-0.153802 -0.258287 1.09831
-0.151798 -0.245384 1.01595
-0.151324 -0.22557 1.01308
-0.14767 -0.228486 0.959566
-0.146657 -0.234629 1.00486
-0.14466 -0.242261 1.00269
-0.140952 -0.234183 1.0033
-0.140129 -0.245202 1.00888
-0.137649 -0.245556 1.01952
-0.13656 0.0219669 0.559925
-0.135991 -0.237979 1.013
-0.135684 -0.247286 1.00232
-0.134681 -0.238159 1.01782
-0.134485 -0.257695 1.0369
-0.131129 -0.235001 0.988972
-0.130119 -0.252526 0.99369
-0.126659 -0.258856 1.01288
-0.126579 0.0207078 0.528516
-0.125948 -0.246011 1.01729
-0.125617 -0.254384 0.993124
-0.12418 -0.256625 1.01132
-0.123152 -0.281387 1.05181
-0.122915 -0.207262 0.769686
-0.122365 -0.264493 1.00285
-0.122355 -0.220683 0.906581
-0.120528 -0.261813 0.997437
-0.118669 -0.253375 1.0181
-0.117686 -0.23451 1.00167
-0.117647 -0.263718 1.01743
-0.115138 -0.271666 1.00943
-0.114635 -0.270587 1.00804
-0.113288 -0.273793 1.01735
-0.112631 0.200176 0.823383
-0.112051 -0.265016 0.98906
-0.110591 -0.255544 0.994692
-0.110326 0.140945 0.77556
-0.110322 -0.248841 1.00538
-0.109499 -0.238569 0.963624
-0.10919 -0.25402 1.01483
-0.107514 -0.272949 1.0237
-0.107124 -0.234055 1.02176
-0.106969 -0.239684 1.03207
-0.106107 -0.199886 0.99663
-0.105216 -0.227994 0.997884
-0.105157 -0.246968 0.98427
-0.104282 -0.196976 0.991922
-0.104146 -0.255012 0.980949
-0.103802 -0.212005 0.982618
-0.102808 -0.229571 1.00048
-0.101827 -0.192747 0.981615
-0.101525 -0.209644 0.96758
-0.101339 -0.220706 0.979262
-0.100966 -0.176803 0.992108
-0.100966 0.0409031 0.996413
-0.100796 -0.263872 0.985429
-0.100735 -0.274658 1.01312
-0.100589 0.0414858 1.00614
-0.100507 -0.259915 0.993938
-0.100147 0.0416925 1.00583
-0.100127 -0.18224 0.974028
-0.0996157 -0.247057 1.00276
-0.0989839 -0.22727 0.989669
-0.0984956 -0.170895 0.991527
-0.0977859 -0.228588 0.994211
-0.097094 -0.264587 0.991726
-0.0964713 -0.228291 0.996113
-0.0956617 -0.269144 1.00073
-0.0954257 -0.226619 0.988078
-0.0953504 -0.270308 1.00628
-0.0945708 -0.262174 1.01816
-0.0941665 -0.257001 0.996758
-0.0933456 -0.163963 0.966207
-0.0924058 -0.212838 0.970018
-0.0885608 -0.246914 0.943844
-0.0882882 -0.156766 0.979425
-0.08802 -0.156034 0.981108
-0.087289 -0.15572 0.974857
-0.0870668 -0.156257 0.983613
-0.0865667 -0.15577 0.982672
-0.085657 -0.154066 0.944512
-0.0847386 0.192141 0.98574
-0.0830356 -0.264738 0.992692
-0.0808955 -0.242234 0.900479
-0.08087 -0.266844 0.994884
-0.0780768 0.192691 1.00155
-0.0738113 -0.214058 0.973174
-0.0685412 0.0283757 0.733578
-0.0593222 0.472831 1.93084
-0.0490304 0.0299107 0.992934
-0.0454075 0.187687 1.02766
-0.0431381 -0.217895 0.990802
-0.0430275 -0.135259 0.986557
-0.0429393 -0.0241872 1.00184
-0.0427333 -0.0121492 1.0184
-0.0427209 -0.215631 1.0082
-0.0426174 0.0381036 0.979392
-0.0425252 -0.217583 0.984887
-0.0424741 0.0341428 0.985027
-0.0422311 0.0349695 0.990194
-0.0419657 0.0347165 0.997387
-0.0418943 -0.214076 0.974012
-0.0418626 -0.082657 0.975467
-0.0415344 -0.168069 0.980069
-0.0414311 -0.157094 0.987049
-0.0413261 -0.0541821 0.99201
-0.0412936 -0.00315058 0.99289
-0.0412636 -0.0758702 0.977107
-0.0411216 -0.0830027 0.984897
-0.0410474 -0.214617 0.976122
-0.0407312 0.0367891 0.991279
-0.0402354 -0.0911855 0.979948
-0.0400844 -0.0775904 0.974279
-0.0399442 -0.00281815 0.981574
-0.0398758 -0.106916 0.973285
-0.0397507 -0.00238829 0.978984
-0.0386369 -0.164062 0.990355
-0.0385357 -0.164172 0.991095
-0.0381033 -0.162225 0.974644
-0.0375456 -0.163032 0.980064
-0.0339147 0.205031 0.841721
-0.0331069 -0.160885 0.972801
-0.0301955 0.280804 1.16883
-0.0264995 -0.186687 1.01019
-0.025771 -0.204756 0.994718
-0.0253963 -0.205406 0.992388
-0.0248218 -0.182837 1.002
-0.0226474 -0.179696 0.980622
-0.0223955 -0.18325 0.993103
-0.0223305 -0.179129 0.971814
-0.0158885 0.0740469 0.412443
-0.0112682 0.180681 0.951659
0.00154658 0.186439 1.02761
0.00235959 -0.268738 1.01063
0.00338319 -0.27583 1.04087
0.0034882 -0.261736 1.01527
0.00410059 -0.26518 1.01912
0.00422379 -0.260346 1.01476
0.00435461 0.186398 1.01415
0.00445999 0.18903 1.02539
0.00489757 -0.255294 1.00295
0.0049695 0.183266 0.99888
0.00527125 0.182653 0.994584
0.00756114 0.0120871 1.01452
0.0102638 -0.242339 0.925849
0.0130355 0.0526904 0.220612
0.0252319 0.300872 1.24092
0.0260653 0.19692 0.879524
0.0314255 0.199686 0.970998
0.0389482 0.192672 1.02522
0.0435264 -0.269232 0.999865
0.0442635 -0.26891 1.02626
0.0449101 -0.242171 1.01967
0.045157 -0.250935 1.01244
0.0452444 -0.0293403 1.00685
0.0455196 -0.249025 1.00423
0.0455816 0.135317 1.01149
0.0460454 -0.0224867 1.03091
0.0464107 0.190341 1.09689
0.0464834 -0.0324637 0.988557
0.0466643 0.173565 1.00697
0.0469376 0.175336 1.01273
0.0469751 0.137496 1.0189
0.0472906 0.0424118 1.00948
0.0475735 0.0411145 0.993633
0.0483067 -0.0211836 1.01636
0.0492272 -0.0316616 0.996158
0.049592 0.0402087 0.963618
0.0504039 -0.0302562 0.986382
0.0570794 -0.0105329 0.04248
0.057085 -0.0104013 0.0424651
0.057092 -0.0104378 0.0424333
0.0576929 0.194522 1.00634
0.0577351 0.196192 1.01117
0.0580768 0.191176 0.994409
0.0611268 -0.19832 1.01897
0.0614226 -0.197403 1.01609
0.0616737 0.079211 1.01198
0.0702967 -0.174228 0.648868
0.0711772 0.196554 0.84582
0.0747846 -0.00759345 0.049704
0.0748851 -0.00790449 0.0505981
0.0752062 0.311506 1.29889
0.0823158 -0.344905 1.27728
0.0843761 0.322367 1.35305
0.0855444 -0.28132 1.04531
0.0884614 0.155604 0.659166
0.0891689 0.0100066 1.01293
0.0893836 0.00972561 1.02922
0.0894302 0.00901524 1.02306
0.0899669 -0.118949 0.440719
0.0899846 0.159915 1.00934
0.0917797 0.15552 0.80384
0.0917928 -0.241626 0.90407
0.0938784 -0.0080697 0.0480203
0.0952107 -0.115963 0.428258
0.103726 0.104201 0.55401
0.113316 0.201721 1.04079
0.118266 -0.148039 0.550646
0.119234 0.189866 1.00184
0.119402 0.207835 1.08
0.123118 -0.275866 0.764576
0.125272 -0.150905 0.561732
0.125469 -0.261338 0.973126
0.12698 0.201302 0.843503
0.127644 -0.265784 0.98504
0.13992 0.0456433 1.03958
0.140672 0.187123 0.789263
0.144009 0.114541 0.641066
0.147318 0.15334 0.8463
0.156748 0.405464 1.99226
0.157973 0.196901 1.01975
0.16363 0.162731 0.690412
0.16706 -0.246973 0.943793
0.170749 0.223713 0.933002
0.172235 -0.255868 1.011
0.175048 0.192365 1.01827
0.175815 -0.243324 1.00378
0.17619 -0.142704 0.976898
0.176993 -0.24591 1.01527
0.177351 -0.265942 0.990209
0.177654 -0.227491 1.02146
0.178337 -0.225567 1.02191
0.178469 -0.25212 1.01423
0.178553 -0.224434 1.01301
0.178789 -0.216309 0.961658
0.179921 -0.146876 1.00181
0.18009 -0.27119 1.00688
0.180672 -0.153552 1.00846
0.182152 -0.158365 1.01433
0.182882 -0.15809 1.00965
0.184288 -0.0928346 1.01192
0.184423 -0.181497 1.00767
0.184452 -0.155173 1.03489
0.186477 -0.15114 1.0337
0.187483 0.180408 0.7538
0.187862 -0.223023 0.997418
0.188546 -0.220913 1.00109
0.18857 0.520867 2.18744
0.190627 -0.222243 1.00983
0.191417 -0.242146 1.00418
0.191584 -0.263702 1.00267
0.191712 -0.242837 1.00096
0.192205 0.195124 1.03307
0.193209 -0.214128 0.804018
0.198133 -0.262532 1.02609
0.205208 0.195236 1.04286
0.206714 0.194711 1.06955
0.209073 -0.250581 0.931643
0.209321 -0.0945917 0.998677
0.209714 -0.139158 1.01366
0.20975 -0.15887 0.994253
0.209958 -0.161987 1.00122
0.210052 -0.0991803 1.01036
0.210289 -0.0749521 1.01451
0.210384 -0.138974 1.01813
0.210428 -0.0747661 1.01358
0.211016 -0.160522 1.00394
0.211588 -0.0720975 0.975678
0.211868 -0.105696 0.992529
0.212029 -0.103852 1.02104
0.212834 -0.0756384 1.00667
0.213372 -0.165784 1.02756
0.213663 -0.149319 0.982927
0.2142 -0.0948833 1.0325
0.214354 -0.130914 1.01643
0.2152 -0.10753 0.998409
0.21561 -0.113257 1.01454
0.216258 -0.153622 1.00489
0.216817 -0.0388935 0.262039
0.21707 -0.136276 0.976176
0.217198 -0.0864163 0.943792
0.217218 -0.119768 0.976257
0.218008 -0.112628 0.986729
0.218268 -0.111033 1.02237
0.218731 -0.169752 1.04297
0.218915 -0.112185 1.00191
0.219381 -0.140126 1.00187
0.219395 -0.136756 0.980922
0.219548 -0.0740716 0.999409
0.219912 -0.094018 1.05643
0.220569 -0.089869 1.01579
0.222415 -0.165131 1.01179
0.222624 -0.0661091 1.01006
0.222959 -0.144459 1.0227
0.223684 -0.0905027 1.01008
0.224113 -0.14762 1.00372
0.224224 -0.128945 1.0038
0.224672 -0.0661431 1.01612
0.225352 -0.128874 0.998161
0.225575 -0.143863 1.02587
0.225982 -0.111761 1.01758
0.2263 -0.130402 1.03217
0.22632 -0.0752067 1.01176
0.226573 -0.158963 0.99405
0.226638 -0.0790221 1.00256
0.226721 -0.159164 0.99103
0.226769 -0.102351 1.03379
0.227588 -0.0660673 1.01273
0.227863 -0.0656604 1.02172
0.228137 -0.0679227 1.04028
0.229166 0.239871 1.31245
0.230261 -0.159128 0.99852
0.230359 -0.122444 1.02823
0.230516 -0.0991596 1.02669
0.231003 -0.223881 0.830758
0.231039 -0.084998 1.00456
0.231657 -0.103048 0.986362
0.232617 -0.160073 1.02415
0.232882 -0.142892 0.999767
0.233174 -0.134539 0.973367
0.233466 -0.116184 1.00586
0.233537 -0.120075 0.983766
0.23368 -0.091584 0.968407
0.234478 -0.105581 1.01952
0.235391 -0.101196 1.06207
0.235456 -0.146378 0.946233
0.236028 -0.0875595 1.05923
0.23618 -0.107477 1.00813
0.237091 -0.103345 0.996725
0.237421 -0.0937815 1.00764
0.237689 -0.117311 1.03979
0.238041 -0.162436 1.00474
0.238741 -0.192874 0.715621
0.238876 -0.104566 1.01336
0.239357 -0.114486 1.02077
0.239654 -0.0755916 1.00915
0.24009 -0.164949 0.998478
0.240136 -0.121595 0.9998
0.240219 -0.144659 1.03192
0.240334 0.250476 1.37961
0.240889 -0.123039 1.00854
0.241924 -0.121101 0.997781
0.243868 0.164332 0.854474
0.243954 -0.0982843 1.0055
0.243991 -0.151025 1.00276
0.24411 -0.078827 0.994466
0.244185 0.194069 0.981983
0.24447 -0.153065 0.998727
0.244809 -0.122606 1.00652
0.245826 0.21431 1.17535
0.247484 -0.0811822 1.01898
0.247509 -0.0809473 0.991247
0.248689 -0.115496 1.03654
0.248858 -0.145828 1.06777
0.249701 -0.156232 1.01349
0.250148 -0.157551 1.0263
0.251166 -0.0837045 1.00346
0.252005 -0.0769311 0.978563
0.25248 -0.0493614 0.992438
0.252653 -0.0853163 1.00394
0.253755 -0.0798755 0.984943
0.254314 -0.0962102 0.960465
0.255476 -0.160304 1.04328
0.255808 -0.0854843 0.986745
0.256542 -0.0749196 1.01761
0.257506 -0.140774 1.20572
0.25824 -0.110277 1.00905
0.259732 -0.0799618 1.31295
0.259984 -0.0879552 1.0197
0.261132 0.18303 0.954534
0.26115 -0.103885 1.00495
0.262083 -0.13891 1.00259
0.262932 0.14714 0.78762
0.264332 -0.0774447 1.00832
0.265143 -0.139357 1.00758
0.265907 -0.161832 1.01623
0.266002 -0.145521 1.00867
0.267232 -0.120158 1.00328
0.267241 -0.0977114 1.01262
0.267986 -0.153754 0.979614
0.268567 -0.1247 1.01351
0.272171 -0.0880158 1.00522
0.272444 -0.153146 1.00276
0.272874 -0.146815 1.01112
0.274909 -0.146392 1.0126
0.275856 0.199004 1.03086
0.27771 0.178198 0.914048
0.278557 -0.161643 1.106
0.279331 -0.0911079 1.0173
0.279959 0.183183 0.777456
0.280405 -0.133927 0.958942
0.283201 -0.082554 0.996202
0.283366 -0.148121 0.976654
0.285001 0.173765 0.741793
0.287872 -0.166139 1.00395
0.290598 -0.143022 0.998717
0.291045 0.176686 0.588058
0.292244 0.178398 0.635772
0.292276 0.193956 0.838466
0.292475 -0.0848968 1.0312
0.292905 0.177304 0.571341
0.293138 -0.0887078 1.01845
0.297035 0.160412 0.828179
0.297428 -0.149647 0.996301
0.299831 -0.142679 0.9557
0.300593 -0.0817373 0.955218
0.301488 -0.149156 1.02596
0.308308 0.1655 0.812018
0.309535 -0.161933 1.02533
0.310668 -0.139945 0.99583
0.310866 -0.22377 1.00153
0.311823 0.182998 0.59216
0.312745 0.170396 0.993045
0.314453 -0.0878845 1.00375
0.314546 -0.137393 0.978164
0.315249 -0.225774 1.01451
0.315509 -0.271786 1.00768
0.315717 0.209894 0.932786
0.316466 -0.138613 1.00235
0.316513 -0.15431 1.00511
0.316754 -0.0756359 1.00212
0.318479 -0.160789 1.0086
0.319423 0.209196 0.884271
0.319887 0.188775 0.714237
0.320232 -0.160977 1.01338
0.320558 -0.155827 1.01362
0.322114 -0.0761166 1.02306
0.322402 -0.145762 1.03298
0.322566 -0.141907 0.999771
0.323338 -0.124696 0.958834
0.324576 -0.0683113 1.00204
0.324646 -0.0987848 0.998892
0.324979 -0.086416 1.00015
0.325267 -0.159175 1.01457
0.326108 -0.141381 1.03174
0.326648 -0.0889579 1.01461
0.327691 -0.159984 1.03618
0.328195 -0.127925 0.983552
0.329377 -0.0861114 1.01669
0.330681 -0.0678691 1.02869
0.33166 -0.158566 1.02361
0.333318 -0.130261 0.980516
0.334168 -0.136372 0.98533
0.334817 -0.0786759 0.990658
0.336501 -0.224327 0.982431
0.337075 -0.134977 1.01583
0.337961 0.175148 0.906204
0.338224 -0.135648 1.00861
0.338404 -0.127306 1.01675
0.338887 -0.0835424 0.990992
0.339111 -0.151978 0.997217
0.339321 -0.111575 1.00725
0.339348 -0.152248 0.967579
0.339697 -0.145232 1.01107
0.339751 -0.101864 0.975903
0.341144 -0.118054 0.999912
0.341606 -0.110882 1.01755
0.341624 -0.124051 1.01623
0.341858 0.0627818 0.952908
0.342012 -0.135176 1.02541
0.342257 -0.0772265 1.02038
0.342424 -0.112458 1.01721
0.342678 -0.0817074 1.00355
0.343294 -0.0941461 1.01383
0.344881 -0.147888 1.02435
0.344889 -0.0735329 1.09822
0.347375 -0.0782562 0.978587
0.347498 -0.160632 1.00108
0.347616 -0.0829684 1.02046
0.347932 -0.106318 1.01542
0.347956 -0.140499 1.01178
0.34809 -0.0944152 1.03393
0.348474 -0.0970175 1.00731
0.348895 -0.161635 1.00616
0.349116 -0.115378 0.992715
0.349185 -0.115461 0.998368
0.349324 -0.160073 1.0062
0.349335 -0.094745 1.00277
0.349363 -0.121994 1.0249
0.349698 -0.214165 0.800147
0.349747 0.186026 1.0236
0.350621 -0.131256 1.01159
0.35072 -0.214142 0.796342
0.350829 -0.0881824 1.02981
0.351221 -0.0833239 1.03178
0.351309 -0.0875156 1.02248
0.351706 -0.142521 1.00395
0.35197 -0.14465 1.00457
0.352229 -0.120048 0.992115
0.352675 -0.111448 1.01207
0.354684 -0.127031 1.0197
0.355385 -0.10667 1.01322
0.355694 -0.0642998 1.0169
0.355886 -0.062655 1.01106
0.35643 -0.0734793 0.971923
0.356729 -0.145299 1.01986
0.357943 -0.257095 1.01099
0.360444 -0.0646583 1.03294
0.360748 -0.0250713 0.453979
0.361229 -0.0643513 1.02428
0.362269 -0.0957703 0.992002
0.363382 -0.064861 1.03525
0.365047 -0.153289 1.01163
0.365227 -0.163072 1.0118
0.366395 -0.079159 1.00384
0.3668 -0.0782775 1.01057
0.367991 -0.161774 1.0203
0.369123 -0.0940884 1.00835
0.369242 -0.162914 1.02469
0.369451 -0.0668201 1.06586
0.371759 -0.10153 1.02691
0.37249 -0.0849378 1.01925
0.373044 -0.074543 1.01803
0.37408 -0.168859 1.10078
0.374093 -0.16222 1.05186
0.374104 -0.166102 1.03301
0.376019 -0.0755931 1.03491
0.376224 -0.167248 1.03354
0.379608 0.194401 1.01683
0.379917 -0.315894 1.17452
0.381123 0.196311 1.02833
0.384253 0.197906 1.03616
0.38784 -0.188858 1.2156
0.388819 -0.361787 1.33116
0.389495 -0.0884128 1.15114
0.417187 0.160491 0.898501
0.441122 -0.152923 0.520454
0.441521 0.162119 0.603752
0.445767 -0.234034 0.688634
0.452063 0.191333 1.06369
0.454778 0.132493 1.00926
0.456903 -0.176734 0.637477
0.463032 -0.179586 0.643233
0.467617 -0.225327 0.840934
0.468465 -0.13532 1.46895
0.469093 -0.247606 0.857044
0.47013 0.178571 0.476294
0.47166 -0.0700505 0.4773
0.471762 -0.248139 0.756342
0.473164 -0.0465712 0.493132
0.473946 0.170896 0.946307
0.474045 -0.0868712 0.480317
0.474317 -0.0489524 0.480492
0.474404 0.0222525 1.00961
0.474847 0.173115 0.865908
0.474935 -0.249704 0.654494
0.475174 0.0214455 1.00769
0.475308 -0.125586 0.480448
0.475377 -0.164761 0.60031
0.475611 -0.212414 0.832083
0.475874 -0.0868289 0.482624
0.477839 -0.252838 0.874193
0.477899 -0.147842 0.48197
0.477992 -0.0314863 0.482984
0.478681 -0.231771 0.864078
0.478843 0.0219574 1.01894
0.479119 0.177816 0.913724
0.47916 -0.0323359 0.485964
0.480114 -0.106567 0.507801
0.48273 -0.254804 0.718497
0.482893 0.172496 0.955183
0.482953 -0.0160925 0.687465
0.483354 -0.0333818 0.505673
0.483425 -0.0687834 0.510394
0.483475 -0.215393 0.810752
0.483662 -0.151047 0.581659
0.483828 -0.033666 0.545864
0.48385 -0.168063 0.530065
0.484519 -0.168355 0.570011
0.485275 0.181106 0.950236
0.485376 -0.0681821 0.512099
0.485488 -0.0234446 0.688095
0.485816 -0.0893488 0.532135
0.486143 0.120811 0.923204
0.487114 -0.0500257 0.493382
0.487235 -0.0490325 0.575392
0.487808 0.172674 0.868857
0.487957 0.128931 0.9216
0.488101 0.181968 0.662189
0.488262 0.159176 0.645921
0.488731 -0.170472 0.589279
0.488867 -0.0516152 0.667973
0.489019 0.146734 0.963779
0.489044 -0.112158 0.548344
0.489276 -0.130094 0.535404
0.489513 -0.133485 0.568258
0.48956 0.145922 0.907751
0.489568 -0.090227 0.494966
0.489787 0.182931 0.52993
0.489809 0.146918 0.966063
0.489823 -0.0340385 0.59188
0.489832 -0.257924 0.780397
0.48989 -0.148267 0.515773
0.489944 -0.170495 0.550244
0.490389 -0.0552114 0.531077
0.49061 -0.170825 0.535437
0.490646 0.175297 0.977281
0.490714 -0.0709513 0.558856
0.490739 -0.260906 0.897992
0.490885 -0.118953 0.630361
0.490907 -0.150557 0.597928
0.491186 0.178448 0.898199
0.491246 -0.0585794 0.59039
0.491375 -0.0478189 0.514867
0.491458 0.175712 0.896799
0.491508 -0.155223 0.551944
0.491776 -0.0342162 0.513669
0.492353 -0.0979967 1.55956
0.492391 -0.0766619 0.673586
0.492467 -0.109567 0.520681
0.492607 -0.0554681 0.52225
0.492962 -0.118061 0.674758
0.493072 -0.158277 0.67455
0.493091 -0.171931 0.665137
0.493406 -0.194582 0.702677
0.49368 -0.17283 0.621118
0.493902 -0.0368673 0.634695
0.494394 0.185234 0.912775
0.494477 -0.236697 0.886802
0.494816 -0.0346316 0.584968
0.494831 0.178049 0.984649
0.495508 -0.0754271 0.679012
0.495607 -0.160535 0.635959
0.495813 -0.11118 0.523792
0.495929 -0.262447 0.729561
0.496186 -0.173065 0.625159
0.496269 0.176577 0.904567
0.496778 -0.0355675 0.587835
0.497116 -0.17321 0.556549
0.497158 -0.115371 0.679647
0.497572 -0.173619 0.667521
0.497612 -0.0523923 0.683616
0.497614 -0.152727 0.650673
0.497673 -0.195624 0.707999
0.497848 -0.152151 0.565152
0.497974 -0.189731 0.698352
0.498052 -0.113157 0.649544
0.498154 -0.263876 0.732302
0.498225 -0.0764122 0.684124
0.498239 -0.0743934 0.600725
0.498379 -0.137296 0.619967
0.498394 -0.152328 1.49088
0.498479 -0.265566 0.888346
0.498631 -0.263911 0.883289
0.49895 -0.174251 0.586506
0.499213 -0.227471 0.877603
0.499335 -0.0770293 0.644654
0.500307 -0.13496 0.686389
0.500502 -0.0957064 0.583594
0.500973 0.133508 0.949031
0.501121 -0.0931977 0.633523
0.501167 -0.176078 0.672925
0.501289 -0.171835 0.679994
0.501324 -0.174051 0.592239
0.501463 -0.0504478 0.634996
0.501586 -0.159364 0.604006
0.501641 -0.159632 0.688617
0.501652 -0.0775428 0.690092
0.50167 -0.052813 0.689771
0.502037 -0.247114 0.916574
0.50204 -0.0695014 0.55614
0.502052 -0.159103 0.6884
0.502169 -0.197699 0.716237
0.502197 -0.157972 0.689166
0.502639 -0.22851 1.03605
0.503251 -0.0346477 0.634487
0.503321 -0.268274 0.999734
0.503408 -0.199822 0.990506
0.50358 -0.036079 0.636673
0.503958 -0.13445 0.63611
0.504167 -0.113463 0.59739
0.504362 -0.198304 0.71952
0.504428 -0.0342363 0.609465
0.504526 -0.0536504 0.693358
0.504772 0.16319 0.783286
0.505212 0.134944 0.986123
0.505335 -0.0504361 0.59629
0.505455 -0.175994 0.694633
0.505648 0.180687 0.685041
0.506253 -0.225854 0.851735
0.506321 -0.229791 0.890124
0.506354 -0.270151 0.906208
0.50638 -0.254832 1.00285
0.506525 -0.242234 0.906764
0.506667 -0.22808 0.857566
0.506714 -0.0967912 0.632898
0.507034 -0.271099 0.994051
0.507077 -0.270249 0.838756
0.50734 -0.136873 0.697363
0.507474 -0.0671051 0.689264
0.50754 -0.0155142 0.725127
0.507861 -0.025778 0.728339
0.507882 -0.129434 0.668757
0.50805 -0.244045 1.00792
0.508419 0.0482184 0.99336
0.508989 -0.142509 0.684386
0.509231 -0.161522 0.699755
0.509376 -0.0952496 0.700293
0.509515 -0.0143268 0.728506
0.509522 -0.0948469 0.701256
0.509993 -0.199063 0.597302
0.510055 -0.025162 0.731625
0.510088 -0.0954727 0.701613
0.510116 0.193528 0.853751
0.510739 -0.272391 0.914105
0.510753 0.166637 0.585932
0.510992 -0.0149211 0.729952
0.511113 -0.121094 0.703207
0.511299 -0.035619 0.647282
0.511366 -0.0361463 0.662655
0.512 0.0494939 0.999143
0.512004 0.223417 1.23446
0.512613 -0.15707 0.905257
0.512688 -0.165167 0.702078
0.513933 0.168241 0.674086
0.514128 -0.275472 1.02458
0.514304 -0.0154417 0.734821
0.514923 -0.0373418 0.709207
0.515054 -0.109303 0.658658
0.515079 -0.205936 1.01659
0.516808 -0.273114 0.71306
0.516809 -0.205202 0.73825
0.517446 -0.0157116 0.741577
0.517753 -0.0748505 0.681211
0.517874 -0.037066 0.713559
0.518533 -0.0413894 0.66403
0.519176 -0.158923 0.915475
0.519339 0.186212 0.949833
0.519899 -0.279364 0.929998
0.521086 -0.0785782 0.804145
0.522042 -0.208184 1.03034
0.523722 -0.0426639 0.715124
0.525558 -0.238894 0.892074
0.526656 -0.114062 0.719541
0.527312 -0.206363 0.602193
0.527373 -0.156723 0.721213
0.527857 -0.239829 0.93041
0.529908 -0.0708968 0.724674
0.531793 -0.119612 0.653216
0.532535 -0.0694723 0.70588
0.533523 0.197737 0.730308
0.540366 -0.0157455 0.774238
0.54118 -0.204891 0.760471
0.553045 -0.0259553 0.777903
0.753625 -0.400097 1.59216
0.781174 0.312359 1.70197
0.893846 0.363275 1.95088